1:0,3,4,7,8,9,
2:4,6,9,
3:0,3,8,
4:4,6,9,
5:3,6,7,8,
6:0,4,5,8,
7:0,2,3,4,5,6,7,8,
8:0,3,5,8,9,
9:4,7,8,9,
10:6,9,
11:0,3,4,5,8,9,
12:3,7,8,
13:3,8,9,
14:0,1,4,7,
15:3,8,9,
16:0,4,6,7,
17:0,6,7,8,9,
18:3,5,7,9,
19:8,9,
20:9,
21:7,8,9,
22:0,3,5,8,
23:0,3,6,7,9,
24:0,3,5,6,7,9,
25:0,3,5,6,7,8,9,
26:0,3,4,6,8,
27:9,
28:3,4,8,9,
29:0,4,5,7,9,
30:1,6,9,
31:0,8,
32:0,3,8,9,
33:3,4,5,8,9,
34:3,6,7,8,9,
35:6,9,
36:0,3,6,8,9,
37:3,4,8,
38:5,8,9,
39:3,7,9,
40:3,4,6,7,8,9,
41:3,5,7,8,9,
42:3,8,
43:3,8,
44:0,3,5,9,
45:0,3,7,8,9,
46:0,8,
47:0,3,8,9,
48:4,7,
49:0,3,6,8,9,
50:0,5,6,
51:0,4,5,6,8,
52:3,6,
53:6,7,8,
54:3,6,8,
55:0,3,6,8,9,
56:3,8,
57:0,3,5,7,
58:3,4,6,8,
59:0,3,7,
60:3,5,6,7,8,9,
61:7,8,
62:0,3,4,5,
63:0,3,4,8,9,
64:3,9,
65:4,6,7,
66:6,8,
67:0,3,9,
68:3,6,9,
69:0,5,9,
70:3,7,8,9,
71:0,3,5,6,7,8,9,
72:0,8,9,
73:0,3,5,8,
74:0,3,7,8,9,
75:0,3,4,5,8,9,
76:0,4,5,7,8,9,
77:0,3,4,7,8,9,
78:5,9,
79:0,1,3,7,8,9,
80:0,7,8,9,
81:0,3,8,9,
82:3,4,6,8,9,
83:3,6,8,9,
84:5,7,9,
85:0,5,8,9,
86:0,3,6,
87:3,8,9,
88:0,3,5,6,7,9,
89:3,5,6,8,
90:0,1,3,7,8,
91:1,3,6,7,8,
92:3,4,7,8,9,
93:3,5,7,8,9,
94:0,1,3,4,5,7,8,9,
95:3,5,8,9,
96:0,1,3,8,9,
