1:3,7,8,9,10,11,12,13,17,
2:2,3,6,7,9,10,11,12,14,15,18,
3:0,4,7,9,11,18,
4:1,4,5,6,7,8,9,11,13,14,15,19,
5:3,8,9,11,13,14,17,18,
6:3,7,9,11,14,16,17,18,
7:0,2,4,5,6,7,9,10,12,13,19,
8:1,3,4,5,7,8,11,14,17,19,
9:1,3,4,5,9,11,13,14,16,
10:0,3,5,8,9,11,12,14,15,16,18,
11:0,3,4,6,9,14,
12:0,3,4,7,9,12,17,
13:0,4,9,13,18,19,
14:3,7,8,9,10,11,14,15,17,18,19,
15:0,3,4,5,6,7,8,9,10,11,13,14,16,17,19,
16:0,6,8,9,10,11,14,15,17,
17:1,2,9,10,12,15,17,18,
18:1,3,5,8,9,10,11,12,16,
19:0,9,16,18,19,
20:0,3,5,7,9,11,14,19,
21:7,9,11,12,17,19,
22:0,3,5,6,11,14,15,16,17,
23:0,1,7,8,9,10,14,17,18,
24:0,2,3,6,7,9,11,13,14,16,
25:7,11,12,13,15,18,19,
26:1,3,5,10,11,12,14,16,17,19,
27:3,4,5,6,7,9,12,14,15,16,17,18,
28:5,6,7,8,10,11,
29:1,8,10,11,12,14,15,16,17,19,
30:7,12,13,14,17,18,19,
31:3,5,7,9,10,11,14,17,19,
32:0,4,5,8,9,11,16,19,
33:0,2,8,10,12,13,14,16,17,18,19,
34:5,7,8,10,12,17,
35:0,3,5,6,8,9,14,17,19,
36:1,4,6,8,9,12,13,14,16,17,18,
37:0,2,3,5,6,8,9,10,14,15,
38:1,7,10,18,
39:0,3,6,7,8,11,12,13,14,15,16,
40:0,3,5,6,8,9,11,13,16,17,19,
41:2,3,4,5,9,11,12,18,19,
42:0,4,6,9,10,11,14,17,18,
43:3,4,5,6,8,9,10,11,14,19,
44:0,1,7,8,11,14,15,18,
45:1,3,4,7,9,10,11,12,14,15,17,18,
46:3,6,9,10,12,14,18,19,
47:0,3,6,7,8,9,12,17,19,
48:0,1,3,4,6,8,9,13,14,17,
49:0,3,5,6,10,11,14,15,16,17,18,19,
50:3,4,6,8,9,15,16,19,
51:0,3,4,6,7,11,13,14,
52:3,6,8,11,12,18,
53:1,3,4,6,7,8,9,10,11,14,16,17,19,
54:2,3,4,5,6,11,12,18,
55:1,2,5,7,8,10,13,14,16,18,19,
56:0,4,5,8,14,
57:0,5,8,9,10,11,13,14,17,
58:3,6,7,8,9,10,11,14,15,16,17,18,19,
59:3,5,8,9,10,12,13,14,15,17,
60:2,3,5,8,10,15,17,19,
61:1,3,6,8,9,11,12,13,
62:3,8,11,
63:0,3,6,9,11,18,
64:0,6,8,9,10,
65:0,1,8,11,13,16,17,18,
66:0,2,3,5,6,8,9,10,11,12,13,15,17,18,19,
67:0,1,3,5,6,7,8,9,10,11,12,14,17,
68:0,5,15,16,17,19,
69:0,3,7,9,10,15,17,18,19,
70:2,3,7,15,17,
71:2,5,9,11,12,17,
72:0,4,10,14,16,17,
73:3,4,5,6,8,10,11,12,13,14,15,19,
74:0,1,3,6,13,14,16,17,19,
75:0,2,6,8,9,10,18,19,
76:3,5,7,9,14,19,
77:5,8,9,12,13,14,17,18,
78:3,7,8,15,16,19,
79:3,5,7,10,11,12,14,18,19,
80:3,4,6,8,12,13,14,17,18,19,
81:0,5,11,16,17,18,
82:1,3,4,8,9,10,11,12,17,
83:0,3,8,9,10,12,15,17,
84:3,4,7,8,9,16,19,
85:5,7,8,9,10,17,18,19,
86:4,8,9,12,15,17,19,
87:0,1,3,4,6,9,10,11,12,13,15,16,18,19,
88:0,3,4,5,6,8,9,14,15,17,
89:3,4,8,9,11,12,13,14,15,16,17,18,19,
90:2,3,6,11,13,17,19,
91:0,1,2,3,5,7,8,12,14,17,18,
92:0,5,8,9,10,11,12,13,16,17,
93:2,5,6,8,14,15,17,
94:1,3,7,8,9,10,11,16,17,
95:0,3,4,5,7,9,10,11,14,15,17,
96:0,3,4,5,10,12,14,17,18,19,
97:0,4,5,6,7,10,12,14,17,18,
98:1,5,6,8,9,10,11,14,17,18,
99:0,1,4,5,8,11,12,14,
100:3,4,6,11,17,18,19,
101:0,1,3,8,11,12,17,18,19,
102:3,4,5,6,7,8,11,16,
103:0,3,6,7,9,13,14,15,16,17,
104:6,8,9,10,11,
105:3,5,6,9,10,14,18,
106:1,5,8,9,10,14,16,18,19,
107:3,5,8,13,14,15,
108:6,7,8,10,12,13,14,16,17,19,
109:0,5,7,8,10,11,13,14,16,17,
110:2,3,5,8,9,13,17,18,19,
111:3,7,15,18,
112:3,5,6,7,8,9,10,13,14,17,
113:1,3,4,7,9,12,14,15,17,
114:6,7,8,9,11,12,17,
115:2,3,5,6,7,10,11,16,17,18,
116:3,4,5,6,8,9,14,15,16,17,18,
117:1,3,4,5,7,8,9,11,13,14,17,18,19,
118:2,4,7,8,9,13,15,16,18,19,
119:3,6,7,11,12,13,14,15,16,17,19,
120:0,1,4,5,6,7,9,11,14,17,
121:0,4,6,7,8,9,13,14,17,18,19,
122:0,3,5,6,7,9,10,11,12,14,15,
123:0,2,5,6,11,13,14,15,16,17,18,
124:3,6,9,11,14,17,18,
125:7,11,14,15,17,
126:0,4,5,7,8,9,10,11,14,17,
127:1,3,7,8,10,11,13,14,16,17,18,19,
128:0,3,4,7,9,10,19,
129:0,3,6,7,8,9,10,11,13,15,16,17,
130:3,4,5,8,11,12,13,14,16,17,18,
131:3,4,5,6,7,8,10,11,13,14,16,17,
132:0,2,3,5,8,9,10,11,13,14,16,18,19,
133:0,1,3,6,7,8,9,10,11,12,13,16,17,18,19,
134:1,5,6,7,8,9,12,13,14,16,17,
135:1,5,7,8,10,12,17,18,
136:6,8,9,10,11,13,14,16,17,
137:0,1,6,8,10,14,15,16,18,
138:0,1,4,6,11,12,14,17,19,
139:0,1,3,8,9,11,14,16,17,19,
140:1,3,8,9,13,15,16,
141:0,1,2,3,4,9,10,11,14,17,
142:3,5,7,12,15,
143:0,3,6,8,9,14,15,16,17,18,19,
144:0,3,5,8,9,12,14,15,18,19,
145:1,6,8,10,12,14,18,19,
146:0,1,3,4,6,7,8,11,12,13,19,
147:2,3,5,6,8,10,11,12,15,19,
148:0,3,4,8,10,18,
149:0,3,4,5,7,8,9,10,11,12,14,15,17,18,19,
150:0,3,6,10,17,18,
151:0,3,5,8,9,11,12,17,18,
152:2,4,6,8,9,14,18,
153:0,1,2,4,6,7,8,10,13,14,19,
154:0,1,3,5,6,7,10,11,12,16,17,19,
155:1,6,7,10,11,14,15,17,18,
156:2,7,9,13,14,16,17,
157:1,3,4,5,6,7,8,9,11,13,14,15,16,17,18,19,
158:4,5,7,8,9,10,11,13,14,16,
159:1,4,6,7,8,9,10,11,14,17,19,
160:0,1,9,11,13,17,19,
161:0,3,8,10,11,13,14,
162:0,2,8,10,11,12,13,16,17,18,
163:3,4,5,6,7,9,10,11,12,14,19,
164:3,4,7,8,10,11,14,16,17,19,
165:0,3,4,5,8,9,10,11,12,14,17,18,19,
166:0,1,2,3,5,8,9,10,11,15,
167:1,4,5,6,7,8,9,11,13,14,17,19,
168:3,7,8,9,10,11,14,17,18,19,
169:0,1,3,6,7,9,11,13,14,15,16,17,
170:2,3,8,9,10,11,12,14,16,17,19,
171:2,3,4,5,8,9,10,11,13,14,17,18,19,
172:0,1,5,6,8,9,11,15,17,18,19,
173:0,4,5,8,9,10,14,
174:0,1,3,5,7,8,9,13,15,17,19,
175:5,7,9,11,19,
176:3,4,5,6,7,8,9,10,13,15,17,19,
177:1,3,4,6,8,10,17,19,
178:1,2,5,8,9,12,15,17,
179:3,4,6,9,10,11,12,13,14,18,19,
180:3,4,8,9,11,15,16,18,
181:3,5,7,9,10,11,12,14,18,19,
182:3,5,6,7,9,12,14,16,17,19,
183:2,3,8,9,10,11,14,15,18,
184:3,6,9,14,19,
185:3,10,13,14,15,19,
186:1,3,5,8,11,12,13,14,17,18,
187:0,2,3,4,5,6,7,8,9,11,14,15,17,
188:1,4,6,8,9,10,11,13,18,
189:0,1,4,5,6,7,8,9,10,12,13,14,18,
190:0,3,4,5,6,8,11,14,15,16,17,18,
191:3,4,9,11,12,13,18,
192:4,6,7,8,9,11,13,14,15,17,19,
193:0,1,3,4,8,11,14,15,17,19,
194:1,6,8,9,12,16,17,
195:1,4,5,7,9,10,11,12,13,15,19,
196:0,5,6,9,10,12,15,18,
197:0,3,5,6,7,8,9,15,16,
198:3,4,6,7,9,12,14,17,18,
199:3,13,14,17,
200:0,3,5,6,7,8,9,11,12,13,14,16,17,
201:7,8,12,13,
202:2,3,8,11,15,17,18,19,
203:5,7,9,10,11,13,14,17,19,
204:0,2,3,4,5,7,8,11,12,14,19,
205:1,2,3,5,6,7,8,14,18,
206:3,4,8,9,10,15,19,
207:0,2,3,5,6,7,8,9,10,11,12,15,
208:3,4,6,7,9,11,12,13,14,15,16,17,18,
209:5,7,9,11,13,14,15,16,19,
210:4,6,9,10,11,12,14,15,16,17,18,
211:3,4,7,10,11,15,17,
212:0,6,7,8,11,13,14,15,17,18,19,
213:8,9,11,12,14,17,
214:0,9,10,11,14,18,
215:0,6,7,8,9,10,11,14,15,17,19,
216:0,4,5,6,7,8,9,11,12,13,14,
217:0,5,9,11,
218:2,3,5,6,10,12,14,17,18,
219:3,6,8,10,11,14,15,16,
220:0,3,5,6,7,8,11,12,14,16,17,18,
221:0,3,5,8,9,11,12,14,
222:0,1,4,5,8,10,11,12,13,15,18,19,
223:0,1,3,5,6,7,8,9,11,12,13,14,15,16,18,
224:3,4,5,10,13,14,17,
225:1,3,4,5,8,9,10,11,12,14,16,17,18,19,
226:8,9,10,11,12,14,17,19,
227:2,3,5,6,7,8,9,10,11,13,14,17,
228:0,3,4,5,6,7,8,9,10,12,14,15,17,19,
229:0,1,3,6,10,11,12,13,14,17,18,19,
230:0,1,5,6,7,8,9,10,11,13,14,17,
231:3,4,5,8,9,14,15,16,17,
232:8,10,11,13,14,15,16,17,19,
233:0,2,3,8,11,13,14,17,
234:2,3,8,9,11,13,16,17,18,
235:0,3,4,7,8,9,11,13,15,17,
236:0,2,6,11,12,13,17,
237:0,3,5,6,7,8,9,10,11,14,17,18,19,
238:3,4,6,9,10,11,14,17,19,
239:3,6,8,9,10,11,12,14,16,17,18,
240:0,3,6,7,8,9,10,12,14,18,19,
241:0,3,6,9,11,14,
242:6,8,9,11,14,
243:4,5,6,8,9,10,11,14,
244:0,4,5,7,8,9,10,12,13,14,15,17,18,19,
245:3,4,5,9,13,15,16,
246:0,1,3,7,8,11,12,13,14,15,17,
247:0,2,3,4,5,8,10,11,12,14,15,17,18,19,
248:2,5,8,12,13,14,16,17,19,
249:0,3,6,7,9,10,11,13,14,15,16,18,
250:1,3,9,10,11,12,13,14,19,
251:0,3,11,13,14,16,19,
252:4,5,7,11,12,13,14,17,
253:1,2,3,6,7,8,11,12,14,15,
254:3,8,9,11,12,14,
255:3,4,5,9,10,13,19,
256:2,4,6,7,8,10,11,13,17,18,
257:4,5,6,7,10,12,
258:1,3,5,8,9,10,14,15,17,18,
259:5,9,10,17,18,
260:1,3,6,7,8,9,10,12,15,17,19,
261:2,5,7,8,9,10,11,12,15,16,
262:1,4,5,6,7,10,11,18,
263:0,2,6,7,8,17,
264:3,4,6,10,12,14,15,17,19,
265:0,3,5,6,9,11,12,13,19,
266:0,3,7,8,14,
267:1,2,8,12,14,16,17,19,
268:0,3,5,8,9,11,12,14,15,17,18,
269:4,6,8,9,10,11,12,17,18,
270:0,3,4,5,6,7,9,11,14,17,
271:2,3,7,8,11,14,18,
272:4,10,14,15,19,
273:0,5,6,8,12,14,15,16,17,
274:3,4,5,9,10,11,12,14,
275:0,3,6,7,9,10,12,13,15,17,
276:0,1,3,5,8,14,16,
277:0,3,6,8,9,11,12,14,17,18,
278:0,3,4,6,7,8,9,10,11,17,18,19,
279:2,4,6,7,8,13,14,19,
280:1,3,6,8,9,12,14,16,18,19,
281:0,3,4,9,11,14,15,
282:2,3,4,6,7,8,11,12,13,14,15,19,
283:0,3,8,9,10,12,14,
284:0,4,6,7,8,9,11,12,14,17,18,
285:0,4,7,8,11,13,14,15,18,
286:0,3,6,7,8,9,10,13,18,
287:1,2,3,7,8,9,10,11,12,13,14,15,19,
288:5,6,9,12,13,17,
289:1,4,8,11,12,13,14,17,
290:0,3,9,10,11,12,14,17,
291:3,4,8,10,12,13,17,
292:2,4,5,7,8,9,10,14,17,
293:0,2,4,6,9,11,12,14,16,18,
294:7,8,11,13,
295:1,3,5,9,12,14,15,16,17,18,
296:3,4,6,7,8,9,10,11,13,17,
297:0,3,7,8,9,10,11,14,15,17,18,
298:0,3,5,7,8,11,14,16,17,
299:1,4,5,6,7,8,9,11,13,17,19,
300:0,2,4,5,6,8,9,11,12,14,15,
301:0,4,6,8,10,11,14,17,18,
302:0,1,4,5,7,8,13,14,15,16,17,19,
303:0,3,4,6,9,10,11,14,17,
304:3,4,5,8,9,11,14,16,18,
305:0,1,3,6,7,8,10,11,12,14,16,17,18,
306:1,4,5,7,12,15,16,17,19,
307:0,3,4,5,7,9,10,12,14,17,18,
308:1,8,12,15,19,
309:0,3,7,8,9,10,11,13,14,15,17,
310:1,4,8,9,12,13,14,17,19,
311:0,1,7,8,9,12,18,
312:3,4,5,6,8,13,14,18,
313:3,4,5,6,7,10,13,14,15,18,
314:2,3,6,7,8,9,10,11,14,15,17,19,
315:0,5,7,10,11,17,19,
316:2,3,9,11,13,14,16,17,18,
317:3,4,5,10,18,
318:1,5,6,9,10,11,12,13,14,17,18,
319:3,6,7,8,10,12,15,17,18,
320:0,3,7,9,10,17,19,
321:0,3,4,6,7,9,11,14,19,
322:3,8,9,10,11,12,16,17,18,19,
323:0,3,4,6,7,8,9,10,11,12,13,17,18,19,
324:0,1,3,5,7,8,9,11,13,14,15,16,17,18,
325:0,2,3,11,13,14,
326:3,4,5,6,8,9,12,17,18,
327:1,2,3,8,9,11,12,13,17,19,
328:0,3,5,7,8,10,12,14,16,17,18,
329:3,6,8,10,13,14,17,
330:1,2,3,5,8,10,12,14,15,
331:1,3,4,8,14,16,
332:0,2,3,5,6,7,9,11,13,15,16,
333:3,5,14,17,
334:0,1,4,7,8,11,13,14,17,
335:0,1,2,3,4,8,9,10,11,12,13,15,19,
336:3,5,8,11,14,17,18,
337:1,5,8,9,11,12,14,16,17,18,
338:0,1,3,4,6,9,16,17,19,
339:1,6,9,11,14,17,19,
340:3,11,14,15,16,
341:1,5,7,8,11,13,15,17,18,
342:1,8,9,10,12,13,16,17,
343:3,4,6,7,9,11,14,15,17,18,19,
344:0,2,8,11,12,
345:0,3,4,11,14,16,17,
346:0,3,4,5,6,7,8,9,13,14,15,16,17,18,
347:3,16,18,
348:3,5,8,10,11,12,14,16,17,18,
349:0,2,6,7,8,10,11,13,14,16,17,
350:0,3,6,9,11,12,13,17,
351:3,7,8,9,10,12,16,17,19,
352:0,2,8,9,10,11,17,18,19,
353:0,3,4,6,8,9,10,11,14,17,18,
354:3,5,8,10,11,13,15,
355:1,2,5,8,11,13,19,
356:0,2,3,10,11,12,14,15,17,19,
357:0,2,3,7,8,9,10,11,12,13,
358:2,4,8,11,14,15,
359:3,17,
360:0,6,7,8,10,13,14,18,19,
361:0,4,6,8,9,10,17,19,
362:0,4,5,7,8,9,11,16,17,
363:1,2,4,5,6,7,8,11,12,13,14,17,19,
364:2,3,4,7,9,10,11,13,15,16,17,
365:1,2,4,9,10,15,
366:5,6,7,8,9,14,15,18,
367:0,3,4,5,6,8,9,13,14,18,19,
368:0,3,6,7,9,10,11,12,14,17,18,
369:0,3,5,8,10,12,17,
370:0,3,6,7,8,9,12,14,18,19,
371:2,8,10,13,14,18,
372:0,3,4,9,11,12,13,16,18,
373:0,3,4,9,10,11,14,17,
374:6,8,9,10,19,
375:3,4,5,8,9,10,11,15,17,19,
376:0,3,7,8,10,11,14,15,16,17,
377:1,3,6,7,11,13,14,15,16,17,18,
378:0,3,6,7,8,9,11,12,14,16,17,18,19,
379:0,3,4,6,8,11,12,17,19,
380:0,4,5,8,9,11,12,14,17,18,
381:0,1,2,3,5,6,8,9,11,14,15,17,18,19,
382:0,3,4,5,7,9,10,11,12,13,14,15,17,18,
383:4,5,10,11,14,15,17,
384:1,4,5,8,9,10,11,13,14,
385:0,1,2,9,10,11,12,13,18,19,
386:1,3,5,6,8,9,11,12,17,19,
387:2,3,8,10,12,13,14,15,
388:2,3,4,6,8,12,14,15,
389:1,3,5,9,10,12,14,
390:2,3,5,8,10,11,17,18,
391:0,3,5,8,11,16,
392:0,5,8,9,11,12,13,14,17,
393:3,5,6,8,18,19,
394:1,2,9,11,13,14,15,16,17,
395:1,4,5,6,8,9,11,12,13,15,16,17,19,
396:0,3,4,5,6,9,11,15,17,19,
397:0,2,3,7,8,11,13,15,16,17,19,
398:0,1,7,8,10,11,13,14,15,18,19,
399:0,4,5,8,9,13,19,
400:1,3,4,8,9,11,12,14,17,18,19,
401:4,8,11,19,
402:3,4,9,11,14,17,
403:8,11,14,18,19,
404:4,11,15,17,18,
405:1,3,6,7,8,9,10,12,13,15,19,
406:0,3,5,7,8,13,14,16,17,19,
407:0,1,3,4,5,6,8,9,10,12,14,17,18,
408:1,4,5,6,7,8,9,11,12,13,14,17,
409:0,3,5,8,9,10,11,12,13,14,15,16,17,19,
410:0,3,5,7,8,10,11,12,16,17,
411:0,1,3,5,7,8,9,11,14,17,
412:1,3,4,5,9,11,14,16,17,
413:1,2,8,9,10,12,14,17,
414:0,1,4,5,9,11,12,13,14,17,18,19,
415:1,2,3,4,5,8,9,10,11,12,14,19,
416:0,2,3,5,6,7,8,9,10,12,13,17,18,
417:2,3,4,8,9,10,11,12,14,18,
418:2,5,7,10,11,12,13,14,17,
419:0,3,5,8,9,11,13,15,17,
420:2,3,8,9,10,14,16,17,
421:3,4,5,7,9,11,14,15,17,18,
422:7,8,12,13,17,
423:1,2,3,4,6,8,9,10,11,14,
424:1,2,3,4,6,9,11,13,16,
425:2,5,11,14,15,16,18,19,
426:3,4,5,10,14,18,19,
427:5,8,9,10,11,13,14,16,19,
428:0,2,3,7,9,10,12,13,14,18,
429:3,5,8,10,11,12,13,14,15,16,17,
430:3,4,8,9,11,12,16,17,18,19,
431:0,1,2,3,4,5,6,7,8,9,11,14,18,19,
432:5,6,7,10,16,18,19,
433:0,3,5,7,8,9,10,11,13,14,18,19,
434:0,1,2,3,6,7,8,9,11,17,
435:0,2,3,5,8,9,11,12,17,18,
436:0,3,7,14,15,17,
437:3,6,7,8,10,11,14,18,
438:0,3,4,5,6,7,8,9,10,11,13,14,17,18,19,
439:0,1,2,5,6,7,8,10,11,14,
440:0,6,8,9,10,11,16,17,
441:2,3,11,13,16,17,18,
442:1,3,4,5,7,8,10,12,13,14,17,
443:0,1,2,3,5,7,11,13,14,17,
444:2,3,5,6,11,14,17,19,
445:3,5,6,9,10,14,15,16,
446:3,4,6,9,10,11,13,15,16,17,19,
447:2,3,4,5,7,8,9,13,14,15,17,18,
448:0,1,4,6,7,10,11,15,17,18,
449:4,5,7,8,10,14,16,18,19,
450:0,2,6,7,8,15,
451:0,3,6,8,10,11,13,14,17,18,
452:2,4,6,9,11,14,15,17,
453:0,3,5,7,9,10,11,12,15,16,17,19,
454:0,1,3,5,6,9,10,11,13,14,15,17,18,
455:0,3,4,9,10,11,12,14,15,16,17,
456:0,3,7,11,12,15,16,17,
457:5,7,9,13,18,
458:4,8,9,10,11,17,
459:1,2,8,9,11,15,17,
460:1,4,8,9,12,13,17,
461:1,3,5,7,9,10,11,14,16,17,18,19,
462:0,3,6,8,9,11,13,14,15,16,17,
463:1,3,5,7,8,9,14,17,18,19,
464:0,5,7,8,9,12,13,15,
465:3,11,14,15,16,18,
466:2,6,7,9,11,12,14,19,
467:4,7,9,11,13,14,17,19,
468:0,1,4,6,8,9,10,11,14,17,18,
469:3,5,7,9,15,17,18,
470:0,3,7,8,11,15,16,19,
471:1,2,5,10,11,12,14,
472:1,2,3,4,5,8,9,10,11,13,18,19,
473:0,3,5,7,8,9,11,12,14,17,
474:0,3,4,6,7,8,11,14,18,
475:3,5,7,10,11,14,18,
476:0,3,7,9,13,17,19,
477:0,3,5,6,7,8,9,11,12,13,15,16,18,
478:3,4,5,7,8,11,12,14,16,
479:0,3,8,9,11,15,
480:1,2,3,8,9,11,14,15,19,
481:1,2,3,8,9,11,12,14,17,
482:1,3,6,8,9,11,14,18,19,
483:3,4,8,9,10,11,14,
484:0,3,5,9,11,13,14,17,
485:0,3,4,6,7,9,11,13,16,17,
486:0,5,7,9,13,14,17,19,
487:5,7,9,12,13,17,
488:0,1,3,5,6,8,9,10,11,12,14,17,19,
489:0,1,3,4,6,7,8,9,10,11,12,14,17,18,
490:2,3,6,7,8,9,14,18,19,
491:3,5,6,7,8,9,10,11,13,14,18,19,
492:0,1,2,4,5,7,8,9,14,16,17,19,
493:3,4,6,8,11,13,17,
494:0,2,4,5,6,7,8,9,10,14,18,19,
495:0,2,3,6,8,9,11,14,15,16,17,
496:1,8,10,11,12,14,17,18,
497:2,3,10,12,13,15,17,19,
498:3,8,9,10,12,13,14,17,
499:0,6,7,8,9,15,16,
500:3,4,9,10,11,12,15,18,
501:0,1,3,4,5,8,11,14,17,
502:8,9,11,12,13,17,18,
503:3,4,8,9,11,14,17,18,
504:0,3,4,8,9,12,15,17,18,
505:4,6,7,9,14,
506:2,6,12,15,16,18,19,
507:0,4,5,9,10,11,14,15,17,19,
508:2,3,4,5,7,8,9,16,17,
509:0,3,4,5,6,7,8,9,10,11,12,13,14,18,19,
510:0,2,3,6,8,9,11,17,19,
511:3,4,6,11,12,14,16,17,18,
512:3,5,7,8,11,14,18,
513:1,3,4,5,7,10,11,17,19,
514:1,3,4,5,8,9,10,11,12,14,17,18,19,
515:1,4,8,11,13,14,15,17,18,
516:3,5,8,9,14,17,18,
517:3,4,6,7,8,9,11,12,13,14,15,16,17,18,19,
518:3,9,10,13,15,17,18,19,
519:1,2,3,4,5,6,7,10,11,12,14,15,19,
520:3,6,8,13,14,17,
521:3,11,18,
522:3,5,6,8,9,10,11,18,19,
523:0,3,4,5,6,7,8,9,10,14,16,
524:0,1,2,3,5,7,8,12,15,17,
525:0,3,6,10,11,12,13,14,15,
526:5,6,8,10,11,12,13,14,16,
527:1,3,7,9,12,16,17,18,19,
528:2,3,4,7,8,9,11,12,13,14,16,
529:0,3,7,8,9,10,11,14,17,
530:1,5,6,10,11,13,14,15,16,17,18,
531:2,4,7,8,10,14,16,17,18,
532:3,4,6,7,8,9,11,13,16,17,18,19,
533:4,8,9,11,13,15,17,18,19,
534:2,5,11,12,13,17,
535:5,6,9,12,13,14,15,16,19,
536:3,6,7,8,9,10,11,12,13,14,17,18,
537:1,2,3,8,9,11,16,
538:6,17,
539:5,8,11,12,14,15,16,
540:0,8,11,14,17,19,
541:6,9,11,12,14,16,18,
542:0,1,6,7,11,12,13,14,17,
543:3,5,7,9,10,12,17,18,19,
544:1,3,5,6,8,9,11,12,13,15,17,18,19,
545:0,2,3,4,8,9,10,11,12,13,14,15,17,
546:1,7,8,9,11,17,19,
547:0,3,4,5,11,14,17,19,
548:0,4,5,6,7,8,9,11,12,13,17,19,
549:0,3,4,8,9,12,14,18,
550:3,4,5,8,9,11,13,15,17,18,
551:0,3,6,8,9,11,12,13,14,18,19,
552:0,6,10,11,14,17,18,
553:0,1,3,5,6,7,8,9,10,11,14,16,17,18,19,
554:0,3,4,9,11,12,15,16,17,18,19,
555:0,4,8,10,11,14,17,19,
556:0,1,3,5,6,7,12,15,16,
557:3,5,8,9,13,14,16,17,18,
558:0,3,7,8,9,13,17,19,
559:0,2,5,7,10,11,17,18,19,
560:3,5,9,10,11,12,13,14,15,17,19,
561:1,4,8,10,11,13,14,15,17,19,
562:1,3,6,8,9,10,14,18,
563:3,6,7,9,10,11,12,18,
564:0,5,6,8,9,10,13,14,17,
565:3,5,6,8,9,10,11,13,16,
566:0,6,9,12,13,18,
567:0,2,3,4,6,7,8,14,15,18,
568:0,2,3,6,7,8,10,11,12,15,16,17,18,
569:0,7,8,9,10,11,14,16,18,19,
570:1,2,3,4,5,6,7,8,9,10,13,16,17,18,19,
571:0,1,3,6,7,8,9,11,12,15,16,18,
572:2,3,7,11,
573:0,4,6,8,9,10,11,14,15,17,
574:3,4,5,7,9,11,12,14,17,
575:2,6,8,9,12,14,15,
576:3,4,5,9,10,11,14,15,16,19,
577:10,19,
578:0,3,5,9,11,13,14,15,18,
579:1,2,5,7,8,9,11,14,15,16,17,
580:0,2,3,4,9,11,14,16,17,
581:1,2,3,5,7,8,9,10,11,13,18,
582:3,4,5,7,11,13,17,
583:3,4,5,6,9,10,11,15,16,17,
584:0,3,6,8,14,15,19,
585:2,3,4,5,6,7,9,19,
586:3,5,7,8,10,11,14,16,17,19,
587:0,1,3,5,7,8,10,14,15,17,18,
588:0,1,3,6,7,8,9,12,13,14,16,17,18,
589:3,6,7,10,11,12,13,14,16,19,
590:0,2,3,4,8,11,12,17,
591:0,3,4,6,9,11,12,14,16,17,
592:4,5,6,8,9,10,11,17,18,
593:3,5,8,9,11,12,13,14,17,
594:3,5,8,10,11,12,14,17,
595:8,11,14,17,
596:0,4,11,12,14,
597:1,6,8,9,10,13,16,17,
598:0,3,5,6,7,8,9,10,11,13,14,17,
599:4,5,7,11,12,14,15,16,19,
600:4,5,6,7,9,11,12,13,14,19,
601:1,2,3,5,7,9,10,11,14,17,18,
602:0,3,4,5,9,12,14,17,18,
603:0,3,4,5,6,7,8,10,11,13,14,15,16,18,
604:5,6,7,8,9,10,11,12,13,14,15,17,
605:2,7,8,11,13,19,
606:0,3,4,5,6,7,9,10,11,12,14,15,17,
607:0,2,3,5,6,7,8,9,10,13,16,17,18,19,
608:3,5,8,10,11,13,15,17,18,
609:5,7,9,11,19,
610:5,6,7,8,11,12,13,14,16,17,19,
611:3,8,9,10,11,14,15,17,18,
612:3,4,5,8,9,11,14,18,19,
613:1,3,5,9,11,15,17,19,
614:3,4,5,8,10,13,14,15,17,
615:2,3,6,8,9,11,13,14,
616:0,2,3,11,14,15,16,
617:0,1,2,3,8,11,17,18,19,
618:0,1,3,6,7,8,10,11,12,18,
619:1,2,4,5,7,8,10,11,13,
620:3,5,7,8,11,13,14,15,
621:1,4,6,7,8,11,14,18,
622:0,3,4,6,8,10,11,14,17,
623:0,3,4,5,9,11,14,15,18,
624:3,4,5,6,7,8,9,10,11,14,17,
625:7,9,10,11,12,13,15,17,18,19,
626:3,5,8,9,11,12,13,14,17,18,
627:8,9,18,
628:0,2,3,8,9,10,12,14,15,17,19,
629:0,3,4,6,7,11,13,14,15,18,19,
630:3,4,6,7,8,10,15,17,18,
631:3,4,5,9,15,16,19,
632:1,3,4,5,6,7,8,10,11,14,17,
633:1,3,5,6,7,9,13,14,19,
634:0,3,4,7,10,11,13,14,15,16,17,18,19,
635:7,10,11,14,15,17,
636:0,3,5,6,8,9,11,12,13,14,17,
637:3,8,10,11,17,
638:1,2,4,5,6,12,13,14,15,17,19,
639:0,1,2,3,4,8,9,11,12,14,19,
640:2,6,7,8,11,13,14,16,
641:0,3,7,8,9,11,12,13,14,15,17,18,19,
642:1,4,7,9,10,12,15,17,
643:3,6,8,9,10,12,13,14,17,18,
644:0,2,4,6,7,9,10,11,12,17,18,
645:0,3,4,9,10,11,12,14,17,
646:0,1,2,3,10,12,13,17,
647:0,7,8,9,11,12,13,14,15,16,17,19,
648:0,1,11,16,
649:3,7,8,10,11,13,14,
650:0,4,7,10,11,12,13,14,17,19,
651:2,3,5,8,9,11,12,13,14,17,
652:5,6,7,8,10,11,12,13,14,15,17,
653:3,4,5,6,7,8,9,10,17,
654:1,2,3,4,6,7,8,9,10,11,14,15,18,
655:3,5,7,8,11,12,
656:0,3,6,8,9,12,14,17,18,
657:0,3,6,7,8,9,11,19,
658:0,3,6,7,11,16,18,19,
659:3,4,7,8,11,13,14,17,18,
660:3,4,5,6,7,8,11,13,14,16,17,18,19,
661:1,5,6,10,11,14,15,17,
662:0,7,8,11,13,14,16,17,19,
663:4,6,8,10,11,13,17,19,
664:4,5,7,8,9,10,11,12,14,17,19,
665:0,1,3,7,8,13,14,15,16,17,19,
666:3,6,7,8,10,11,14,17,19,
667:2,5,7,10,14,17,
668:3,6,7,9,10,11,12,14,17,
669:0,2,3,4,5,6,8,9,11,13,14,15,
670:3,5,6,7,8,10,11,14,17,18,19,
671:19,
672:0,2,3,4,5,8,12,15,17,
673:0,3,11,12,13,14,15,
674:3,4,5,8,9,11,12,14,15,
675:0,3,5,6,7,9,10,14,16,17,18,
676:0,3,4,9,11,14,15,18,
677:0,1,2,4,6,8,9,11,13,14,17,18,19,
678:0,5,6,8,10,13,15,16,17,
679:3,6,8,9,11,13,14,18,19,
680:4,6,8,10,12,13,16,17,
681:1,7,8,9,10,11,15,
682:1,3,5,9,10,12,14,15,18,
683:3,5,8,9,10,11,12,13,17,18,19,
684:4,9,10,15,19,
685:6,9,14,17,19,
686:0,3,4,5,9,10,11,14,17,18,
687:0,5,7,8,9,17,19,
688:3,7,8,9,11,13,15,16,19,
689:0,3,5,6,7,12,14,16,17,
690:0,3,5,8,9,10,11,14,15,17,18,
691:3,6,7,8,9,10,11,12,13,14,15,17,
692:1,4,8,9,12,13,14,18,
693:3,6,9,11,12,14,15,19,
694:0,1,3,5,6,8,9,16,17,18,19,
695:3,5,9,10,11,12,14,16,17,
696:0,3,4,7,8,11,15,17,
697:0,5,6,7,8,9,10,11,13,14,17,18,
698:0,7,9,10,11,14,16,18,
699:0,1,3,7,8,9,11,13,15,17,18,
700:0,4,5,8,9,14,17,19,
701:3,6,8,9,10,11,12,13,14,16,17,19,
702:0,1,3,4,5,8,9,10,13,17,19,
703:0,3,4,5,6,9,11,18,19,
704:0,3,6,8,9,12,15,17,18,
705:2,8,9,11,16,
706:3,4,5,6,7,9,11,13,15,
707:0,2,5,6,7,8,9,11,17,
708:0,2,3,4,5,8,9,10,11,12,14,19,
709:0,2,4,6,7,8,10,16,17,19,
710:0,1,6,8,11,14,15,17,19,
711:1,3,6,7,9,10,11,12,16,17,
712:0,1,3,7,8,9,10,13,17,18,
713:0,3,5,6,7,8,9,11,12,15,17,18,19,
714:0,3,4,5,7,8,9,11,12,13,14,15,18,
715:5,6,8,11,14,
716:8,12,13,14,15,19,
717:3,4,7,8,9,10,11,13,15,16,17,18,19,
718:0,1,3,4,6,8,11,12,14,16,
719:0,1,8,11,18,
720:1,3,5,12,14,15,18,19,
721:0,7,8,9,11,12,13,14,15,17,18,19,
722:0,3,4,5,7,8,9,11,13,15,16,18,19,
723:3,5,6,8,10,11,13,14,16,17,19,
724:0,2,3,4,5,7,8,11,13,15,17,19,
725:0,10,12,15,17,
726:0,3,7,13,14,16,19,
727:0,1,3,10,13,15,16,17,18,19,
728:3,8,9,14,16,17,
729:0,3,4,6,8,10,11,12,14,16,17,
730:0,3,6,11,14,15,17,18,19,
731:3,5,7,12,17,18,19,
732:0,1,3,8,10,11,12,13,17,
733:1,5,7,8,9,10,13,15,17,18,
734:1,3,5,9,10,13,14,15,17,
735:1,3,6,7,9,10,11,12,13,
736:1,8,11,13,
737:5,9,11,14,17,18,19,
738:0,1,2,3,4,5,8,9,12,14,17,
739:3,4,5,7,8,9,11,12,13,15,17,19,
740:3,5,6,7,8,9,10,11,12,14,15,16,19,
741:3,5,6,7,10,11,17,19,
742:4,6,9,12,13,17,
743:0,3,8,9,11,12,13,14,
744:0,3,5,6,13,15,17,
745:0,1,3,4,7,8,10,11,12,14,15,17,19,
746:3,8,9,10,11,12,13,14,16,17,19,
747:0,5,6,10,15,
748:0,4,7,9,10,11,13,17,
749:3,9,11,13,14,16,17,
750:0,2,3,4,5,8,9,10,11,13,18,
751:5,7,9,10,13,14,16,17,18,19,
752:0,1,2,3,4,5,6,7,8,10,11,12,16,17,18,19,
753:3,4,5,6,7,8,10,11,13,14,17,19,
754:7,8,10,13,14,16,
755:3,4,7,9,11,14,17,18,
756:2,3,4,7,9,11,16,17,19,
757:3,7,9,10,11,16,17,
758:3,4,5,7,8,9,10,11,13,14,17,18,19,
759:1,5,9,10,11,15,18,19,
760:3,5,6,7,8,10,12,16,19,
761:0,7,9,10,12,13,16,19,
762:1,5,6,7,11,12,14,18,19,
763:3,10,15,17,18,19,
764:0,1,5,8,10,13,17,
765:0,1,3,5,6,7,11,13,14,15,17,19,
766:2,10,12,13,
767:3,4,5,7,9,10,11,12,13,14,17,19,
768:3,5,9,10,13,19,
769:0,1,2,3,5,8,9,10,11,13,17,18,19,
770:5,8,10,11,12,18,19,
771:2,3,4,8,9,11,13,14,15,17,18,19,
772:2,4,5,6,8,10,11,12,13,14,17,19,
773:0,1,9,10,11,12,13,14,
774:3,4,7,8,9,11,14,16,
775:0,1,2,5,6,8,12,14,18,
776:0,2,3,4,5,6,8,9,10,12,13,14,17,18,19,
777:0,5,7,8,9,10,11,12,14,16,17,18,
778:1,3,4,5,7,9,10,11,13,14,16,17,18,19,
779:0,1,3,8,11,12,18,
780:3,7,8,10,14,15,16,18,
781:4,11,17,
782:3,4,5,6,11,13,14,16,
783:0,3,8,9,10,11,13,14,15,17,
784:0,3,4,8,9,16,17,19,
785:3,5,7,11,14,15,16,17,
786:0,2,3,4,5,6,8,9,10,12,18,
787:0,3,5,8,13,17,18,19,
788:1,3,4,5,8,9,10,12,14,16,17,18,19,
789:0,3,6,7,8,9,10,11,13,14,15,16,17,19,
790:2,3,7,8,9,10,12,13,14,16,17,19,
791:1,3,4,6,7,8,9,11,13,14,17,19,
792:0,2,5,6,8,11,14,17,19,
793:0,1,3,5,8,11,15,17,18,
794:0,4,5,8,9,10,12,13,14,15,16,17,19,
795:0,2,3,5,7,8,11,12,13,14,16,18,19,
796:0,2,3,7,8,9,11,17,19,
797:0,3,7,8,11,12,14,18,
798:0,3,5,6,7,8,9,10,12,13,14,16,17,19,
799:0,2,4,5,7,8,9,12,13,17,18,19,
800:0,8,9,10,11,13,15,16,
801:0,3,4,7,8,9,10,11,12,13,19,
802:0,1,3,4,7,8,9,11,14,16,17,19,
803:3,4,5,6,7,10,11,14,
804:3,4,7,9,10,11,12,17,18,
805:0,4,5,8,9,10,12,13,14,15,17,
806:8,9,10,11,12,14,17,18,
807:0,3,4,5,6,7,8,9,11,12,13,14,15,16,17,19,
808:0,2,3,4,5,7,9,11,12,14,17,19,
809:2,6,7,10,12,15,18,
810:3,6,8,13,17,18,
811:0,6,7,8,9,10,13,17,18,
812:0,6,7,8,9,10,11,12,14,17,18,19,
813:1,2,3,4,5,6,7,8,9,15,19,
814:1,2,4,5,8,9,11,12,15,17,
815:0,5,8,9,10,11,12,13,14,15,18,
816:2,3,5,7,8,17,
817:0,4,5,6,8,10,11,14,16,17,19,
818:1,3,5,8,11,14,17,18,19,
819:1,7,8,10,11,16,18,
820:0,2,3,4,5,7,8,9,10,11,14,16,17,18,
821:0,4,6,9,10,11,13,14,15,16,17,18,
822:0,1,4,6,7,8,10,11,
823:0,1,2,3,6,7,8,11,12,15,16,17,18,19,
824:0,7,8,9,10,11,12,13,14,16,18,
825:4,8,10,11,13,14,18,19,
826:0,6,7,8,11,13,14,15,16,17,
827:5,6,8,9,12,13,14,
828:1,3,4,8,12,14,17,
829:5,8,9,10,11,13,14,17,
830:0,3,8,10,14,15,18,
831:2,4,12,14,
832:1,2,5,8,10,11,12,14,15,16,18,
833:0,2,6,7,9,10,15,16,17,18,
834:6,7,8,9,11,14,16,17,
835:1,10,
836:3,4,5,6,7,8,11,12,15,17,18,19,
837:0,1,3,7,8,10,11,14,18,
838:2,5,6,8,11,14,17,
839:3,4,7,8,10,15,17,
840:1,3,9,11,13,14,
841:0,2,9,13,17,19,
842:3,4,9,10,11,14,15,
843:3,4,5,6,7,8,11,14,18,
844:8,10,15,
845:0,3,4,6,7,8,11,12,14,16,17,18,19,
846:0,3,4,8,13,14,17,18,
847:0,3,4,8,9,10,11,13,14,19,
848:0,3,4,7,8,9,16,17,19,
849:3,6,8,9,11,14,18,19,
850:2,3,5,7,8,10,11,12,14,15,17,
851:1,8,9,12,17,
852:0,1,3,4,5,6,9,11,13,16,18,
853:4,7,8,11,14,17,19,
854:2,3,6,9,13,14,19,
855:0,3,6,7,8,9,14,16,17,18,
856:3,4,7,9,11,15,16,18,
857:0,3,8,9,15,17,18,19,
858:3,5,7,8,9,11,12,14,
859:2,3,5,6,7,8,9,10,11,13,14,17,18,19,
860:0,5,6,8,11,13,14,15,16,17,
861:0,4,7,8,9,10,11,15,17,18,19,
862:0,4,5,7,8,9,10,11,13,14,16,17,18,
863:0,7,9,11,12,14,17,
864:2,3,4,6,7,14,16,19,
865:0,7,8,9,14,15,17,18,19,
866:0,5,6,7,9,10,11,12,17,19,
867:0,2,3,4,6,9,10,12,
868:4,11,12,
869:3,5,6,9,11,12,14,17,18,
870:1,2,3,9,14,16,17,18,
871:1,3,4,7,8,9,11,14,16,18,19,
872:3,4,5,7,8,9,10,11,12,14,15,16,17,
873:1,3,7,8,9,11,17,19,
874:0,1,3,4,5,8,9,11,12,13,14,17,18,19,
875:2,3,4,7,11,12,13,14,15,17,18,
876:6,7,9,12,13,14,19,
877:3,5,8,10,13,15,17,
878:0,1,4,5,7,8,11,14,17,
879:0,4,8,10,11,15,17,18,
880:2,4,7,9,11,14,16,17,19,
881:6,7,8,9,13,14,17,19,
882:0,3,5,6,8,11,13,15,16,18,19,
883:0,3,5,8,9,10,11,13,14,16,17,
884:0,4,5,7,9,10,11,14,15,17,19,
885:2,13,15,16,17,18,
886:1,6,8,9,11,15,16,18,
887:1,3,4,5,7,8,9,14,19,
888:3,4,5,6,7,9,10,13,19,
889:0,3,5,8,9,10,12,16,17,18,19,
890:3,5,6,8,9,10,11,13,15,16,19,
891:1,3,6,8,9,10,11,12,14,16,
892:0,3,8,9,10,13,17,
893:5,7,8,9,11,12,14,16,17,18,
894:3,4,5,11,13,14,16,18,19,
895:0,1,6,8,9,11,13,14,
896:4,5,7,9,10,11,12,13,14,15,17,
897:3,4,5,7,9,11,12,15,18,
898:0,1,3,5,9,10,11,12,15,17,19,
899:0,3,4,5,6,8,9,10,11,13,14,17,18,
900:3,4,5,6,7,8,9,10,11,13,14,17,18,
901:0,3,4,5,6,7,8,9,10,11,12,13,14,15,17,
902:0,3,4,7,8,13,14,15,16,19,
903:3,7,8,9,10,11,14,15,
904:0,2,3,5,6,8,9,10,11,12,13,14,15,16,18,19,
905:3,6,8,11,18,19,
906:4,7,11,14,19,
907:3,4,5,8,9,10,12,18,
908:0,1,2,3,5,8,9,10,11,16,17,
909:3,6,8,10,11,15,17,18,19,
910:0,1,3,6,7,9,10,11,14,17,
911:1,3,4,5,8,11,16,
912:1,3,5,6,8,9,10,11,14,15,19,
913:0,1,3,5,6,8,9,10,11,12,13,14,15,16,17,18,19,
914:3,4,5,6,7,8,9,10,12,14,17,
915:1,3,5,6,8,9,10,11,12,14,17,
916:0,3,7,9,11,12,14,16,17,18,
917:1,3,4,7,8,9,10,15,18,
918:2,3,11,12,14,17,
919:0,7,12,16,17,
920:4,6,7,8,11,15,19,
921:0,2,3,4,6,7,9,10,17,18,19,
922:0,3,4,5,6,7,8,11,12,14,17,19,
923:3,4,5,7,8,11,14,17,18,19,
924:0,3,5,6,9,10,11,14,16,17,
925:1,3,5,8,10,11,14,17,18,19,
926:0,1,2,3,4,6,7,8,9,11,15,16,17,18,
927:0,3,5,6,7,8,9,11,12,13,14,15,17,19,
928:0,1,3,5,6,8,11,14,17,
929:1,3,4,5,10,17,18,19,
930:0,3,9,11,16,17,19,
931:1,3,4,6,7,8,9,12,14,17,19,
932:0,1,4,7,9,14,15,17,19,
933:0,1,3,8,11,13,17,19,
934:2,7,8,9,11,13,14,15,17,
935:0,1,6,8,10,11,13,15,17,
936:0,1,8,10,11,16,17,19,
937:0,1,3,4,6,8,9,11,14,17,19,
938:8,10,12,14,17,18,
939:0,3,4,6,7,8,9,10,12,13,16,17,
940:2,3,5,7,8,10,11,14,16,17,18,
941:3,7,10,13,16,17,
942:4,6,9,10,14,
943:0,1,4,6,7,9,14,18,
944:3,4,5,6,8,9,10,11,12,13,
945:3,5,7,8,11,14,15,16,17,
946:0,2,5,6,8,9,11,13,14,17,18,
947:4,8,9,12,14,17,
948:1,3,4,8,9,10,11,12,14,15,17,18,19,
949:1,5,7,8,11,13,14,17,18,
950:2,3,4,6,8,10,12,13,14,17,18,
951:2,3,5,6,7,11,14,16,17,19,
952:0,3,5,6,11,18,19,
953:0,3,4,6,8,9,15,17,19,
954:3,5,6,7,9,11,14,17,18,
955:3,4,8,11,13,15,17,18,
956:5,9,10,11,14,17,18,19,
957:0,3,5,6,8,12,13,14,17,
958:0,4,7,9,10,11,13,14,
959:1,4,5,6,8,10,11,12,14,15,17,19,
960:3,6,7,10,12,14,16,17,
961:0,3,4,6,8,9,11,12,18,
962:0,3,4,5,6,7,8,9,10,11,13,14,15,17,18,19,
963:0,1,3,5,6,7,9,12,13,14,15,17,18,
964:1,2,3,9,10,11,13,14,18,19,
965:3,4,9,10,11,13,15,16,18,
966:1,2,3,4,7,10,13,16,17,19,
967:7,8,11,13,14,17,
968:0,4,5,6,8,10,11,12,14,
969:8,9,14,18,
970:0,6,9,10,11,14,19,
971:0,2,3,4,5,6,9,14,16,19,
972:0,1,2,3,6,7,8,10,11,13,15,16,17,18,
973:1,3,4,5,7,10,11,14,17,
974:0,3,4,5,7,9,11,12,14,16,17,18,19,
975:1,6,8,11,12,19,
976:2,3,12,14,17,
977:0,1,3,5,6,8,11,13,14,16,17,18,19,
978:3,6,9,11,13,16,19,
979:1,8,9,12,14,
