1:2,3,9,11,14,17,
2:3,9,10,11,19,
3:0,1,4,8,9,11,14,
4:3,4,5,8,9,11,17,18,19,
5:3,4,8,11,17,
6:0,14,18,
7:0,3,5,7,9,11,18,
8:1,3,4,7,8,10,14,17,19,
9:3,4,5,11,14,17,
10:0,5,8,9,11,12,14,16,18,
11:3,4,7,9,11,14,
12:0,3,9,17,
13:9,13,14,18,19,
14:0,3,7,8,9,11,14,15,17,18,19,
15:0,3,4,5,6,7,8,9,10,11,12,13,14,16,17,
16:8,9,10,14,17,
17:2,7,10,12,
18:8,10,11,12,16,
19:0,9,11,17,
20:5,9,11,
21:4,7,18,
22:0,3,7,9,11,14,19,
23:0,1,3,9,10,11,13,14,
24:3,5,6,7,9,11,14,17,18,19,
25:7,11,13,15,17,
26:3,5,8,9,10,11,14,17,19,
27:3,4,5,8,9,12,14,16,17,18,
28:5,7,8,10,11,
29:3,8,10,11,12,14,17,19,
30:5,9,14,18,19,
31:7,10,11,14,17,19,
32:0,5,8,10,12,13,
33:0,8,12,13,14,19,
34:5,7,8,14,
35:5,6,8,9,
36:3,6,8,9,10,12,14,17,18,
37:3,5,8,9,10,11,12,14,15,18,
38:10,18,
39:0,6,8,11,14,15,16,
40:3,5,6,8,9,11,13,14,
41:8,9,11,12,19,
42:0,3,4,8,9,10,11,18,
43:3,4,5,9,11,14,19,
44:0,7,11,14,17,18,19,
45:0,3,4,7,8,9,10,11,12,14,15,18,
46:3,14,19,
47:0,3,6,8,9,12,13,17,
48:0,3,4,8,9,13,14,17,
49:0,5,6,7,8,15,16,17,18,19,
50:4,6,8,9,14,15,19,
51:3,4,6,11,14,17,
52:3,8,11,12,
53:0,3,4,6,7,8,9,10,11,13,14,16,19,
54:3,4,5,6,7,8,18,
55:6,7,8,9,10,11,14,16,17,
56:4,14,18,
57:5,8,9,11,12,14,19,
58:3,5,7,8,9,11,12,13,14,16,17,19,
59:3,5,8,9,11,12,13,14,16,19,
60:5,8,10,14,17,18,19,
61:6,8,9,11,13,19,
62:0,3,11,
63:0,3,9,11,
64:0,3,6,8,9,10,
65:0,6,7,9,11,13,14,16,17,18,
66:0,3,4,5,7,8,9,10,11,15,17,18,19,
67:3,4,5,6,7,8,9,10,11,13,14,17,
68:0,11,15,17,19,
69:0,3,7,8,10,17,18,19,
70:0,3,7,8,11,14,17,
71:3,9,
72:0,4,6,7,10,11,13,14,16,17,
73:3,8,11,12,14,
74:0,3,6,8,9,11,13,16,17,19,
75:2,6,7,8,10,19,
76:3,5,7,9,13,19,
77:5,8,12,14,17,18,
78:3,14,15,
79:3,5,7,10,12,18,
80:3,8,12,13,17,18,
81:0,7,8,11,14,16,17,18,
82:1,8,9,10,11,12,17,19,
83:3,8,9,
84:3,7,8,9,14,16,19,
85:4,5,8,9,10,17,18,
86:12,15,17,19,
87:0,1,3,4,6,7,8,9,10,11,13,18,
88:3,5,8,9,11,14,17,
89:3,6,8,9,11,13,14,15,17,19,
90:0,3,4,5,6,7,11,13,17,19,
91:3,7,8,9,11,12,14,17,
92:0,3,4,5,6,8,10,11,12,16,17,
93:5,6,8,9,13,15,17,19,
94:3,5,7,8,10,11,14,17,18,
95:3,4,5,7,9,10,11,14,17,
96:0,5,8,10,12,14,18,19,
97:0,5,9,14,18,
98:3,6,8,9,10,11,14,17,19,
99:0,1,3,5,11,17,
100:3,4,7,8,10,11,17,
101:0,1,3,11,12,19,
102:3,4,5,6,7,8,11,12,18,
103:0,3,7,9,11,14,
104:3,5,6,8,9,11,
105:3,5,9,10,11,18,
106:10,14,15,19,
107:3,5,11,12,
108:3,6,8,10,11,12,13,14,19,
109:1,4,5,7,9,10,11,12,13,14,17,
110:2,3,13,17,19,
111:3,7,9,12,16,17,
112:5,6,7,10,13,14,19,
113:3,4,12,
114:6,7,9,11,17,
115:3,5,6,9,11,12,16,17,18,
116:4,8,9,13,14,
117:0,4,5,7,8,9,13,14,17,18,19,
118:4,5,8,9,13,14,18,19,
119:5,6,7,9,10,11,12,13,14,15,
120:1,8,11,14,
121:0,4,5,6,8,9,10,13,14,17,19,
122:0,5,6,7,9,11,12,14,15,19,
123:5,6,11,12,14,15,
124:0,3,11,14,
125:3,11,
126:0,3,5,6,7,8,9,13,17,
127:3,8,9,10,14,19,
128:3,4,9,
129:0,4,5,8,9,11,13,17,
130:3,4,5,6,8,9,12,13,14,17,18,
131:3,5,11,12,14,17,
132:3,4,5,6,8,10,11,18,
133:0,3,5,7,8,9,10,11,12,13,17,
134:6,7,8,9,11,14,17,
135:1,3,7,8,10,14,17,18,
136:3,6,7,11,13,14,17,
137:1,8,10,14,15,
138:0,9,11,14,16,17,
139:0,3,8,9,11,15,17,19,
140:3,8,9,11,16,17,
141:3,4,9,11,14,17,
142:5,7,9,11,13,15,17,
143:0,1,3,4,6,8,9,14,19,
144:0,3,5,6,9,11,12,18,19,
145:8,14,
146:0,3,6,7,8,9,11,12,14,15,19,
147:3,6,8,14,19,
148:3,5,10,17,18,19,
149:5,8,9,10,12,14,17,18,19,
150:0,3,6,10,11,17,18,
151:3,9,10,12,17,
152:6,9,14,
153:1,7,8,9,11,14,16,19,
154:0,3,6,8,9,10,11,12,
155:3,6,9,15,17,18,
156:3,7,8,9,14,
157:0,4,5,8,11,12,14,16,17,19,
158:8,14,16,
159:4,7,8,9,10,14,16,
160:0,17,19,
161:4,8,9,10,11,13,14,
162:0,10,11,13,
163:3,4,5,7,8,9,10,11,19,
164:3,4,7,8,9,11,14,17,19,
165:4,8,10,12,13,14,17,18,19,
166:0,3,5,9,11,14,
167:3,5,6,7,8,11,13,14,17,19,
168:1,5,8,9,10,13,17,18,19,
169:3,9,13,14,15,17,
170:4,10,11,14,16,17,19,
171:0,4,9,10,11,14,17,18,
172:0,1,3,4,5,8,9,11,14,18,
173:3,4,6,9,14,
174:1,3,5,7,8,9,14,17,
175:3,5,6,7,8,9,11,19,
176:0,3,5,7,8,9,13,17,
177:3,19,
178:9,12,17,
179:3,9,10,11,14,17,19,
180:8,10,11,
181:3,5,8,9,10,11,12,14,17,18,
182:3,14,16,17,
183:0,3,6,14,18,
184:3,6,8,9,14,18,
185:3,8,13,14,15,19,
186:3,5,7,8,11,12,13,17,
187:0,2,3,6,7,8,9,12,13,14,15,17,19,
188:3,6,8,9,10,12,13,14,17,18,
189:3,4,5,7,12,18,19,
190:3,4,6,8,9,11,14,17,18,
191:3,8,9,11,13,18,
192:4,7,9,11,13,14,17,19,
193:0,3,8,11,14,
194:6,8,9,11,
195:1,3,4,5,6,8,9,10,12,14,
196:0,3,5,6,8,10,11,12,18,
197:0,3,5,8,10,16,17,
198:3,6,7,9,10,11,17,
199:3,8,9,13,14,
200:0,1,3,5,8,9,11,12,13,15,16,17,18,
201:7,8,11,13,
202:3,8,17,
203:11,14,19,
204:0,3,4,5,7,11,12,14,19,
205:3,14,18,
206:3,7,8,10,15,16,18,19,
207:0,3,6,7,8,9,10,12,17,
208:0,7,9,13,14,17,18,
209:7,8,9,11,12,13,17,18,
210:0,6,8,9,10,11,12,16,17,18,
211:3,4,7,10,11,13,14,17,
212:0,6,7,8,11,13,14,15,17,18,
213:8,9,12,14,
214:9,10,14,17,19,
215:0,7,8,9,10,14,17,
216:4,6,7,8,9,11,14,
217:0,9,11,
218:0,3,4,5,9,11,12,17,
219:5,8,9,11,13,14,15,16,17,18,19,
220:0,5,11,12,14,16,17,18,
221:0,1,3,5,8,9,10,11,12,18,
222:3,4,5,8,9,10,11,17,18,19,
223:3,6,7,8,9,11,14,15,18,
224:3,10,14,17,
225:5,8,9,10,14,17,19,
226:0,3,8,9,11,12,14,
227:3,6,7,8,11,13,17,18,
228:3,4,5,8,10,11,12,14,19,
229:0,3,10,11,14,18,19,
230:5,13,14,17,
231:3,4,7,8,9,12,14,15,17,
232:19,
233:0,1,3,4,5,8,11,13,
234:8,9,13,14,17,18,
235:8,11,13,14,15,17,18,
236:3,8,9,11,12,17,
237:3,8,9,11,14,17,
238:3,4,6,7,10,11,14,17,19,
239:3,8,10,11,13,14,18,
240:3,4,7,8,9,12,14,17,18,19,
241:3,14,15,
242:0,3,6,8,9,11,14,17,
243:3,4,6,7,8,9,10,11,14,17,
244:0,3,5,8,9,11,13,14,15,17,
245:4,8,9,10,13,
246:3,7,9,11,14,15,17,
247:0,3,4,9,11,14,15,17,18,
248:6,7,8,13,
249:0,3,6,9,10,11,13,15,16,19,
250:3,7,8,11,12,14,17,19,
251:3,4,7,11,13,14,17,
252:3,4,5,7,8,9,10,11,12,13,18,
253:2,3,6,7,8,9,11,12,16,
254:3,8,9,10,12,17,
255:0,3,4,10,13,14,19,
256:3,6,8,9,10,11,13,18,
257:7,10,11,12,
258:8,9,10,14,17,
259:5,8,9,10,18,
260:3,6,8,
261:5,10,12,14,15,17,
262:4,5,10,11,12,
263:0,6,7,8,11,14,17,
264:3,6,10,14,17,19,
265:0,5,6,9,11,17,19,
266:3,7,8,14,18,
267:3,8,9,12,16,17,18,
268:3,7,8,9,11,12,14,17,18,
269:4,8,9,11,19,
270:0,3,6,7,9,11,12,14,15,17,
271:3,14,
272:4,5,10,14,
273:0,8,12,14,17,
274:3,5,6,7,9,11,14,
275:0,3,6,7,8,9,10,12,
276:8,9,11,14,16,
277:0,3,9,11,12,14,16,17,18,
278:3,8,11,14,17,18,
279:3,4,6,7,8,13,18,19,
280:3,4,8,9,11,17,19,
281:0,1,3,8,10,11,15,17,
282:0,4,5,7,8,9,11,12,13,14,
283:3,10,
284:3,6,7,8,9,11,14,17,
285:0,4,7,8,11,13,14,17,
286:3,5,6,8,9,12,13,18,
287:0,3,4,6,7,10,11,12,13,14,15,17,19,
288:0,5,8,9,12,17,
289:4,11,14,17,
290:0,3,8,10,11,12,14,17,
291:3,4,9,17,
292:4,7,9,14,17,
293:0,3,4,5,9,10,12,14,18,
294:5,7,8,11,
295:3,7,9,11,12,14,16,17,
296:0,3,7,8,9,10,11,17,
297:0,4,9,14,15,17,18,
298:3,7,8,9,11,14,16,17,
299:5,6,8,11,13,19,
300:2,3,4,5,8,9,10,12,14,15,
301:2,4,8,11,14,17,18,19,
302:0,5,14,17,19,
303:0,3,4,6,9,10,11,12,13,14,17,19,
304:4,5,8,9,11,14,16,
305:3,5,6,10,12,14,17,
306:4,7,8,11,15,17,
307:0,1,3,4,5,7,8,9,11,12,13,14,18,
308:15,
309:3,7,8,9,10,11,12,13,14,17,18,
310:1,4,8,9,14,19,
311:3,8,9,10,12,17,18,
312:4,7,13,14,18,
313:4,5,7,8,10,13,15,17,18,
314:0,3,5,6,7,8,9,10,11,14,19,
315:5,11,19,
316:3,9,11,14,17,18,
317:3,4,10,14,
318:5,6,7,10,11,13,17,18,
319:3,6,9,10,17,
320:0,3,7,9,10,17,
321:0,3,4,8,12,14,
322:3,7,8,10,11,12,16,17,18,19,
323:0,4,6,7,9,10,11,12,13,19,
324:0,3,7,11,13,16,18,
325:0,3,7,9,
326:4,5,6,7,8,9,12,17,
327:8,9,11,12,14,
328:0,3,5,8,11,17,
329:6,10,13,14,17,
330:0,8,12,14,19,
331:0,3,4,11,14,16,
332:9,11,13,
333:3,5,8,
334:0,1,4,7,8,11,13,
335:4,8,9,11,19,
336:5,11,14,17,
337:3,5,6,7,8,9,14,
338:0,3,4,5,6,8,9,17,
339:9,14,17,
340:8,11,14,16,
341:3,5,8,10,11,13,14,15,17,19,
342:3,4,5,8,9,10,11,17,
343:3,4,6,7,10,14,15,17,19,
344:8,11,17,
345:3,4,11,14,
346:4,5,6,7,8,9,13,14,15,16,17,
347:3,11,18,19,
348:3,8,10,11,14,16,17,18,
349:0,8,9,11,12,17,
350:0,12,17,
351:0,3,8,9,10,14,17,19,
352:0,8,9,10,11,17,18,
353:0,3,4,6,8,9,10,13,14,16,17,19,
354:5,8,10,11,14,
355:2,5,11,13,
356:0,8,9,11,12,13,15,17,
357:3,7,10,11,13,14,16,17,18,19,
358:3,4,8,11,14,15,17,
359:3,7,14,17,
360:0,7,8,11,13,
361:3,4,5,6,8,9,10,11,17,18,19,
362:0,4,5,11,13,17,
363:1,3,4,7,8,11,12,13,14,15,17,
364:3,7,10,15,19,
365:3,4,14,
366:0,5,6,7,8,9,15,17,18,
367:0,3,4,5,6,8,11,13,14,17,19,
368:3,6,7,9,10,11,12,14,17,18,
369:0,5,17,
370:0,4,7,8,9,11,12,14,18,
371:8,11,14,18,
372:4,9,11,12,13,16,17,
373:0,4,9,10,11,13,14,
374:8,10,11,
375:3,4,5,7,8,9,11,14,15,17,19,
376:3,10,11,14,15,16,
377:0,3,6,7,8,9,11,13,14,16,17,
378:3,5,8,11,14,16,
379:0,3,4,5,6,11,12,14,17,19,
380:0,3,8,10,11,12,13,14,17,
381:0,1,3,5,8,11,14,15,17,
382:4,6,7,8,9,10,11,13,14,15,17,19,
383:0,3,4,6,8,10,15,17,18,
384:1,4,5,11,13,14,18,
385:0,1,8,9,11,13,14,18,19,
386:0,3,6,8,11,12,14,17,19,
387:3,10,13,14,
388:3,4,8,12,17,
389:3,5,9,10,12,
390:3,5,6,10,11,13,17,18,19,
391:7,8,11,16,
392:8,9,11,12,13,14,17,
393:3,5,8,17,18,
394:8,9,10,11,12,13,14,17,18,
395:3,4,6,8,9,10,11,12,13,16,19,
396:3,5,8,9,10,11,14,17,19,
397:0,3,4,8,9,11,13,17,19,
398:0,7,11,13,14,17,19,
399:0,3,4,5,8,11,13,15,17,
400:1,3,4,10,12,17,18,
401:4,8,19,
402:4,5,9,11,14,16,
403:5,8,19,
404:4,18,
405:0,3,5,6,9,11,12,14,19,
406:0,3,6,7,8,13,14,16,17,19,
407:3,5,9,14,17,18,
408:0,3,4,5,7,8,9,10,11,12,14,15,17,18,
409:0,3,5,8,12,13,14,16,17,18,
410:3,5,7,10,11,14,17,
411:1,3,5,8,9,11,14,17,
412:3,5,8,9,11,12,14,17,
413:3,4,7,8,9,10,12,17,
414:0,3,9,11,12,19,
415:3,4,5,9,10,12,14,
416:0,3,5,8,10,11,12,18,19,
417:3,4,8,9,11,12,18,
418:5,7,11,12,14,17,
419:0,3,8,9,13,17,
420:4,9,11,
421:3,4,7,8,9,10,15,16,17,
422:2,12,13,17,
423:4,8,9,11,
424:3,4,5,6,9,11,16,
425:3,5,8,9,11,12,14,16,17,
426:3,4,5,6,8,10,14,19,
427:5,9,10,11,14,19,
428:0,4,5,6,7,9,10,12,13,14,17,
429:3,8,9,10,11,14,17,
430:3,4,9,12,14,16,17,19,
431:0,2,4,6,7,8,9,11,14,16,17,18,19,
432:5,8,16,17,19,
433:0,3,5,7,8,11,12,14,19,
434:3,8,9,10,11,16,
435:3,5,9,11,14,17,18,
436:
437:3,6,9,10,11,14,18,
438:0,3,4,5,6,7,9,11,14,15,
439:0,1,3,5,6,8,9,10,11,12,14,19,
440:8,9,12,17,
441:7,11,13,17,
442:3,4,5,7,8,12,
443:0,5,9,11,14,
444:0,3,5,9,11,17,19,
445:3,4,14,15,18,
446:3,4,9,12,13,14,15,19,
447:7,8,9,11,12,14,15,17,18,
448:0,3,4,6,10,11,17,18,19,
449:3,4,5,7,8,9,11,19,
450:8,9,12,15,
451:3,4,6,8,10,11,14,16,17,
452:2,6,8,9,12,17,
453:0,3,5,7,8,9,10,11,12,13,15,16,17,19,
454:0,3,8,9,10,11,13,14,17,18,
455:0,3,5,10,11,14,
456:1,3,11,12,15,17,
457:9,11,
458:3,9,10,13,17,
459:8,11,17,
460:1,4,8,9,11,17,18,
461:5,7,9,10,11,14,15,17,19,
462:3,6,8,9,10,11,14,
463:1,3,7,11,14,17,
464:0,5,9,12,13,14,15,
465:4,14,15,17,18,
466:3,8,9,11,12,17,
467:7,9,11,13,14,17,19,
468:0,3,4,7,8,9,10,18,
469:3,5,
470:0,8,15,16,
471:3,5,10,11,12,15,
472:5,10,11,12,14,17,
473:3,5,7,8,9,11,14,
474:0,3,4,8,9,10,11,12,14,17,18,
475:3,5,11,13,14,18,
476:3,7,8,9,12,13,14,15,17,19,
477:0,3,6,7,9,11,12,13,14,16,17,18,
478:3,4,8,9,11,12,
479:9,11,15,17,
480:1,3,5,7,8,9,11,12,14,17,19,
481:7,8,9,11,12,13,14,17,
482:3,6,8,14,17,19,
483:4,6,8,9,11,
484:3,5,8,9,13,
485:6,7,9,10,11,13,15,16,17,
486:3,4,5,7,8,9,13,14,17,19,
487:7,8,9,14,17,
488:0,1,3,5,6,8,9,10,11,14,17,
489:0,5,8,9,11,12,14,17,18,
490:3,4,7,9,17,19,
491:3,7,8,9,13,18,19,
492:3,5,6,7,8,9,11,14,16,17,18,19,
493:8,
494:0,3,6,7,8,9,10,11,18,19,
495:8,9,11,17,
496:3,10,11,14,17,
497:3,6,8,12,13,17,
498:8,9,10,12,13,14,17,
499:6,7,8,9,14,16,
500:3,4,9,10,15,18,
501:0,3,4,5,8,11,14,
502:0,3,8,9,11,13,
503:8,9,11,
504:4,8,11,12,14,15,18,
505:6,9,14,18,
506:3,9,12,16,18,19,
507:0,4,5,9,10,11,13,14,15,17,19,
508:3,4,5,6,8,9,14,17,
509:0,3,5,6,7,8,9,10,11,12,13,14,17,19,
510:0,6,8,9,11,15,17,
511:4,5,6,10,13,14,17,
512:0,3,5,7,8,11,18,
513:0,1,4,6,7,8,10,11,12,13,14,17,19,
514:4,5,7,8,11,12,17,18,
515:4,6,8,11,13,14,17,
516:0,3,5,9,14,17,18,
517:4,6,7,8,11,12,13,14,15,16,17,18,19,
518:3,9,10,16,19,
519:1,4,5,6,7,9,10,11,12,14,17,
520:5,6,8,14,17,
521:3,
522:3,5,7,8,9,18,
523:0,3,8,9,14,17,
524:0,3,5,7,8,11,17,
525:5,10,11,12,14,15,17,
526:5,6,8,11,12,17,
527:3,7,9,10,11,12,15,17,
528:3,8,9,11,12,14,
529:1,3,7,8,9,10,11,13,14,16,17,18,
530:5,6,8,9,10,11,13,14,15,16,17,
531:8,10,11,14,17,19,
532:3,4,6,8,11,12,13,14,17,19,
533:4,8,9,11,13,17,18,
534:5,7,8,11,12,13,17,
535:5,6,9,11,14,15,
536:0,1,3,5,7,8,9,10,11,12,14,17,
537:3,8,9,11,16,17,
538:9,11,17,
539:3,8,9,11,14,15,16,17,
540:0,8,11,14,19,
541:3,6,8,9,11,12,13,14,
542:0,3,6,11,12,14,
543:3,9,11,12,18,19,
544:3,6,11,12,15,17,19,
545:0,3,4,9,10,11,13,15,
546:6,7,8,11,17,19,
547:3,11,14,19,
548:0,3,4,5,7,9,12,13,
549:0,3,9,11,12,13,14,18,
550:4,5,9,11,18,
551:0,3,6,13,14,17,18,19,
552:6,10,11,
553:0,3,5,8,9,10,11,14,17,18,19,
554:0,5,9,11,12,16,17,
555:0,3,8,11,17,
556:5,7,9,11,13,15,
557:3,5,8,11,14,16,19,
558:0,4,7,8,9,13,
559:5,7,17,19,
560:3,9,11,13,14,15,17,19,
561:0,4,8,15,17,19,
562:0,5,6,8,9,10,11,12,18,
563:3,6,7,9,10,11,12,16,18,
564:5,6,8,11,17,
565:6,8,13,
566:0,6,9,13,17,18,19,
567:4,6,8,14,
568:3,6,11,12,14,15,
569:0,5,7,9,11,14,
570:7,9,13,14,18,
571:3,4,5,7,8,9,10,11,14,15,
572:3,7,14,
573:0,3,4,6,8,14,17,
574:0,4,7,9,11,12,14,17,
575:8,9,14,
576:3,5,10,14,
577:14,17,
578:3,9,11,13,14,15,18,19,
579:1,3,5,8,9,11,15,16,17,
580:3,7,8,9,11,14,16,17,
581:0,3,7,8,9,13,14,18,
582:0,4,5,8,11,13,
583:3,4,6,11,17,
584:4,14,15,17,19,
585:2,3,4,5,6,8,9,11,19,
586:3,5,8,9,10,11,14,
587:0,3,5,7,8,9,10,17,18,
588:0,3,4,5,7,8,9,11,12,13,16,18,19,
589:5,6,8,10,11,12,13,14,16,19,
590:0,1,3,7,8,9,10,11,15,17,18,
591:11,14,15,18,19,
592:0,3,6,8,9,11,14,17,18,
593:3,5,8,9,12,13,14,17,
594:3,5,8,9,10,11,14,15,
595:6,8,
596:3,10,14,
597:8,9,10,13,17,
598:0,3,6,8,9,11,12,14,17,
599:4,11,17,19,
600:5,6,7,8,11,13,14,
601:0,3,7,9,10,11,14,18,
602:0,3,4,5,8,9,11,12,18,
603:0,3,4,5,7,8,9,10,11,14,15,
604:3,4,5,6,8,12,13,14,15,19,
605:0,4,7,13,17,18,
606:3,4,5,6,7,8,9,10,11,14,16,17,
607:0,5,6,7,8,9,10,11,13,16,17,
608:3,5,7,8,10,11,13,14,17,18,
609:3,7,11,14,
610:5,6,11,12,14,17,18,
611:3,8,9,10,11,14,
612:3,5,9,11,14,18,
613:3,9,11,15,17,
614:3,5,6,8,11,12,13,14,17,18,
615:8,9,11,13,
616:3,7,11,12,15,
617:8,11,17,19,
618:0,3,8,11,12,
619:1,4,8,13,14,
620:3,5,8,11,13,14,
621:1,4,11,17,18,
622:0,3,4,8,10,11,14,
623:0,3,4,5,9,11,12,14,
624:4,5,6,7,8,9,10,11,14,17,
625:3,7,8,9,11,13,14,17,19,
626:3,8,9,13,17,18,
627:9,18,
628:0,2,3,9,10,11,12,14,15,17,19,
629:0,3,7,11,
630:3,6,7,10,17,18,
631:4,5,8,19,
632:0,3,4,11,14,17,18,
633:3,6,7,9,13,17,19,
634:0,3,4,7,8,10,13,14,17,19,
635:3,7,17,
636:5,6,7,9,12,13,17,
637:9,17,19,
638:3,4,8,11,13,14,15,17,
639:1,3,5,8,9,11,12,13,14,17,19,
640:6,7,8,11,13,16,
641:3,5,7,8,9,15,17,18,19,
642:9,10,15,17,
643:7,9,10,13,14,17,18,19,
644:3,4,7,8,9,10,12,17,18,
645:3,4,5,9,10,11,12,14,
646:0,5,10,11,17,
647:3,7,8,9,12,13,14,16,
648:0,11,
649:3,7,8,11,14,
650:0,3,4,7,8,9,10,14,17,
651:8,9,12,13,14,17,19,
652:1,4,5,7,8,10,11,12,14,15,
653:3,4,5,9,10,11,17,
654:3,4,7,8,9,11,17,
655:3,5,7,8,12,
656:3,5,6,8,9,10,14,17,
657:3,7,11,19,
658:0,3,6,11,18,
659:3,4,7,11,17,
660:3,4,5,7,8,9,11,13,14,17,19,
661:10,11,12,14,
662:0,13,16,17,
663:3,8,9,11,17,
664:3,4,5,7,9,10,11,14,17,19,
665:0,3,7,8,10,13,14,15,17,
666:8,9,10,14,17,19,
667:7,10,14,17,
668:3,6,8,14,15,17,
669:0,3,4,6,8,9,11,13,14,
670:3,5,6,9,10,11,14,15,18,19,
671:11,14,19,
672:3,4,5,11,12,15,17,
673:5,11,12,13,14,19,
674:3,5,8,11,14,15,19,
675:5,6,7,9,11,14,16,17,
676:3,6,8,9,11,15,
677:0,4,8,9,11,14,19,
678:8,13,17,
679:3,6,7,8,11,12,13,17,18,19,
680:3,4,7,8,9,16,17,
681:7,8,9,11,14,15,
682:3,8,9,10,14,15,18,
683:3,5,8,9,10,11,12,13,14,17,18,19,
684:10,14,15,
685:6,9,10,14,17,
686:0,3,5,7,8,10,11,14,15,18,
687:0,5,7,8,12,19,
688:3,4,5,7,8,10,12,15,17,19,
689:0,3,6,7,11,12,14,19,
690:0,3,4,5,6,7,8,14,17,
691:3,6,8,9,11,14,18,
692:0,1,2,3,4,8,9,12,13,14,17,18,
693:3,6,7,14,19,
694:8,9,14,19,
695:0,3,7,9,10,11,14,17,
696:0,4,7,8,9,10,17,
697:6,7,10,13,14,17,
698:0,3,7,9,14,
699:3,7,8,9,10,11,13,17,18,19,
700:0,4,5,8,9,13,14,
701:3,6,8,10,11,14,18,
702:0,3,4,5,8,9,10,11,12,16,
703:4,6,11,14,19,
704:3,7,14,15,17,18,
705:8,11,14,17,
706:5,6,9,14,15,
707:0,5,7,8,10,17,18,
708:0,2,5,6,9,11,12,14,
709:0,4,7,11,19,
710:3,6,7,8,9,11,14,17,
711:3,5,6,9,10,11,12,
712:1,3,4,7,8,9,17,18,
713:3,8,9,12,17,18,
714:5,7,8,10,11,12,13,14,17,18,19,
715:9,11,19,
716:9,12,15,
717:3,4,8,9,11,13,15,17,19,
718:0,3,4,6,10,11,
719:8,11,
720:7,9,14,18,19,
721:0,3,8,11,13,14,15,16,17,18,
722:0,3,5,8,9,11,16,
723:3,5,6,8,12,13,14,17,
724:4,5,7,8,9,11,15,17,
725:0,9,12,15,17,
726:0,4,7,14,15,
727:0,10,14,17,18,19,
728:3,8,14,16,17,
729:3,4,8,10,11,12,16,17,
730:6,17,
731:3,5,7,11,12,14,17,
732:0,3,4,7,8,10,11,13,17,
733:7,9,10,17,18,
734:5,7,10,14,17,
735:6,10,12,13,14,
736:8,9,
737:5,9,11,12,14,17,18,
738:0,3,4,8,9,11,12,14,
739:3,4,5,9,11,12,13,15,17,
740:5,6,8,9,10,11,12,14,15,17,
741:7,10,14,17,19,
742:8,9,12,17,
743:3,8,9,12,13,14,
744:0,5,6,8,9,13,19,
745:3,4,6,8,9,10,11,12,14,16,17,18,19,
746:8,10,11,12,14,19,
747:5,6,9,10,
748:0,4,7,17,
749:3,9,11,12,13,14,16,
750:0,3,5,11,14,18,
751:0,3,5,7,8,9,10,14,17,18,
752:0,3,4,6,7,10,11,12,16,17,18,19,
753:5,7,8,10,11,13,14,
754:7,8,13,14,
755:4,7,8,9,11,18,19,
756:3,7,9,11,12,14,16,17,19,
757:3,9,10,
758:3,4,5,10,11,13,14,17,18,
759:9,10,11,12,14,17,18,19,
760:3,5,7,9,10,11,12,16,19,
761:5,7,9,12,16,17,
762:9,11,12,14,17,
763:0,1,3,10,11,14,17,18,19,
764:6,8,9,10,13,
765:0,1,3,5,8,11,14,15,17,
766:0,3,10,12,
767:3,5,8,11,14,17,18,19,
768:3,5,7,8,11,12,13,14,18,
769:0,3,5,10,11,18,
770:8,10,11,17,
771:3,4,8,9,11,13,14,18,
772:3,4,5,6,8,9,10,11,12,13,17,19,
773:0,10,11,13,
774:3,4,7,8,9,11,16,
775:0,1,7,11,12,18,
776:0,3,4,5,6,9,11,12,14,17,18,
777:5,6,7,8,9,10,12,13,14,16,18,
778:3,5,6,8,10,11,17,
779:5,8,17,
780:3,6,11,12,14,19,
781:11,17,
782:5,6,8,11,13,14,
783:3,9,10,11,13,14,17,
784:7,9,11,15,16,17,19,
785:0,3,4,5,7,8,12,17,19,
786:0,3,6,10,
787:3,8,9,13,18,
788:0,5,6,8,10,12,14,16,17,18,
789:3,6,7,9,13,14,16,17,
790:7,12,13,15,16,17,
791:3,4,7,12,13,14,17,19,
792:5,8,11,14,17,
793:0,1,3,5,8,9,11,14,15,17,
794:0,3,4,5,6,8,9,12,14,15,19,
795:0,3,5,7,9,11,12,16,17,
796:3,7,8,18,19,
797:0,3,7,9,11,12,14,18,
798:0,3,8,9,10,11,12,14,17,19,
799:0,4,7,9,12,14,17,18,19,
800:8,9,10,11,13,
801:0,3,6,7,8,9,10,11,13,
802:0,3,4,5,7,8,9,10,11,14,17,19,
803:3,5,7,10,11,14,
804:3,7,8,9,11,12,14,
805:0,4,5,8,9,17,
806:8,9,10,11,12,13,14,17,18,
807:0,3,4,6,8,9,13,14,15,16,
808:0,2,3,5,7,9,12,17,18,19,
809:3,12,18,
810:3,6,9,14,18,
811:0,3,6,10,11,13,17,
812:4,6,7,8,10,12,13,14,19,
813:1,5,14,
814:4,5,6,8,9,11,15,
815:0,5,9,10,12,14,
816:5,7,8,17,
817:0,4,6,8,11,14,16,17,19,
818:3,5,8,10,11,13,18,
819:3,8,11,14,16,18,
820:0,3,4,5,7,8,9,10,11,17,18,
821:0,3,4,7,8,11,13,16,18,
822:0,6,8,9,10,11,17,
823:0,6,8,9,12,15,16,17,19,
824:8,9,10,12,13,18,
825:4,8,10,13,14,17,18,
826:0,6,8,11,13,17,
827:5,8,9,14,18,
828:3,4,8,12,13,14,17,
829:3,5,7,8,10,11,13,14,17,
830:3,11,
831:3,
832:8,11,12,14,
833:0,6,7,8,9,10,11,14,16,17,18,
834:3,7,9,10,11,14,16,17,19,
835:1,
836:4,5,6,7,8,11,12,17,18,
837:0,1,3,6,7,8,9,11,14,
838:6,8,14,
839:3,8,17,
840:3,8,11,13,14,
841:3,5,9,12,
842:9,11,14,
843:5,6,8,9,11,14,18,
844:11,14,15,
845:3,4,7,9,11,12,14,17,18,19,
846:3,13,17,18,
847:0,3,4,8,9,10,11,12,14,19,
848:3,7,8,17,19,
849:3,4,7,8,9,11,14,17,18,19,
850:3,8,10,11,12,14,17,
851:9,17,
852:4,5,8,11,13,
853:4,6,8,11,
854:3,8,9,11,13,19,
855:0,3,5,6,8,9,14,18,
856:3,7,8,11,13,
857:3,7,8,9,11,15,17,18,
858:5,7,8,9,11,12,14,17,
859:3,5,7,8,10,11,17,18,19,
860:3,5,10,11,14,15,16,18,
861:4,7,8,9,10,11,15,16,17,18,
862:0,1,4,5,6,7,9,11,14,15,
863:0,8,9,11,12,14,17,
864:4,7,8,16,
865:0,3,4,8,9,11,14,18,
866:0,5,7,8,9,10,11,17,19,
867:3,4,6,13,14,
868:8,11,12,17,
869:3,4,8,9,10,11,12,17,
870:14,17,
871:3,7,9,11,14,
872:3,4,5,7,8,9,10,11,12,14,17,
873:2,3,8,11,14,16,17,19,
874:0,3,14,17,18,
875:3,4,8,11,12,14,15,17,18,
876:6,7,9,13,14,19,
877:3,5,8,13,14,17,
878:3,4,7,9,14,17,
879:0,8,9,11,15,17,
880:0,7,9,11,14,16,19,
881:1,7,8,9,11,17,19,
882:0,3,5,8,11,14,19,
883:0,3,5,8,9,10,11,13,14,17,
884:3,4,5,8,10,13,15,17,
885:8,14,
886:8,9,15,17,
887:0,5,8,9,11,14,17,19,
888:3,4,6,7,10,11,18,
889:0,3,8,10,12,17,18,19,
890:3,6,8,9,11,13,
891:3,6,9,10,14,16,
892:3,8,9,10,13,17,
893:0,3,7,11,12,13,14,17,
894:0,3,11,13,18,19,
895:8,9,11,14,17,
896:3,5,8,9,10,11,13,14,15,
897:0,3,11,12,18,
898:0,4,9,10,11,12,15,17,
899:0,3,5,6,8,9,10,11,13,14,
900:0,3,4,5,7,8,11,18,
901:4,5,6,10,13,14,
902:3,4,7,14,16,17,19,
903:3,7,8,9,11,12,14,
904:0,3,5,6,8,9,10,11,12,13,14,18,19,
905:3,6,8,10,18,
906:4,11,14,17,
907:3,4,5,8,9,10,14,17,18,
908:0,1,5,7,8,9,18,
909:3,6,8,9,11,12,16,17,18,19,
910:3,6,7,10,13,14,17,
911:4,5,11,
912:4,5,8,9,11,17,
913:0,3,6,8,9,10,12,15,16,17,18,19,
914:3,6,7,8,9,15,17,
915:3,6,8,10,11,12,14,
916:3,5,7,8,9,11,12,14,16,
917:4,5,7,9,11,18,
918:11,12,17,
919:12,17,
920:3,4,6,7,8,10,11,14,15,19,
921:3,6,8,10,11,12,19,
922:0,4,5,6,7,8,11,14,17,18,
923:3,5,9,10,11,18,
924:0,3,5,6,8,9,11,14,16,17,
925:0,3,5,8,11,17,19,
926:0,4,7,8,9,11,12,14,15,16,18,
927:0,3,5,6,8,9,10,11,13,14,15,17,
928:0,1,3,5,10,11,12,14,17,
929:1,3,4,10,11,13,14,17,18,19,
930:0,3,5,9,14,19,
931:3,6,7,8,10,14,17,
932:4,8,9,14,19,
933:3,8,14,17,19,
934:7,9,11,15,17,
935:3,10,11,14,15,17,
936:0,3,4,5,7,9,10,11,12,13,19,
937:3,4,6,10,11,13,14,17,18,19,
938:3,8,10,14,17,
939:3,4,6,7,9,10,11,12,13,16,17,
940:0,3,7,8,9,10,11,14,17,
941:7,
942:4,8,10,11,
943:0,3,4,5,7,8,9,10,11,14,
944:5,8,9,10,11,
945:4,5,7,8,11,16,17,18,
946:0,2,4,5,6,8,9,11,13,14,18,19,
947:0,3,8,9,12,14,16,17,
948:4,7,8,9,10,12,14,17,18,19,
949:3,5,7,8,11,14,17,18,
950:4,5,6,11,13,17,18,19,
951:3,5,6,8,9,11,14,16,18,19,
952:0,5,6,10,14,19,
953:0,3,6,8,9,15,16,17,19,
954:3,5,7,14,17,
955:3,4,8,10,11,13,17,
956:0,3,5,8,9,10,11,17,18,
957:3,5,6,8,9,12,13,14,17,
958:0,3,4,7,8,14,16,17,
959:0,4,8,11,14,17,18,19,
960:0,7,8,10,12,14,17,
961:3,8,9,12,13,18,
962:0,6,8,9,10,11,14,17,19,
963:0,1,5,7,8,9,11,13,14,16,17,
964:3,7,8,9,10,11,14,18,19,
965:3,9,10,11,14,15,16,18,
966:7,13,17,
967:0,3,7,8,11,12,14,
968:0,5,8,9,10,11,12,14,
969:3,5,8,9,18,
970:3,6,10,14,
971:0,2,3,4,9,11,14,19,
972:0,1,5,7,8,10,15,16,17,19,
973:4,5,6,7,9,
974:0,3,4,7,8,9,10,11,14,16,17,18,
975:1,11,12,
976:12,15,
977:0,3,4,5,6,8,11,14,16,17,18,19,
978:6,9,11,13,17,
979:9,12,
