1:0,3,4,6,7,8,9,
2:4,6,9,
3:0,3,6,8,
4:0,2,4,7,8,
5:3,6,7,8,
6:0,2,3,7,9,
7:0,1,4,5,6,
8:0,1,5,6,8,9,
9:0,3,4,7,8,
10:6,8,9,
11:0,3,4,5,8,
12:3,5,7,8,
13:8,9,
14:0,3,7,8,
15:1,2,3,8,9,
16:0,4,6,7,
17:0,3,6,8,9,
18:3,5,7,8,9,
19:0,4,5,9,
20:0,1,7,9,
21:3,5,6,7,8,9,
22:0,1,2,5,7,8,
23:0,3,6,9,
24:0,3,5,7,8,
25:0,5,6,7,8,9,
26:0,3,6,8,
27:6,9,
28:3,4,8,9,
29:4,5,6,7,8,9,
30:1,4,7,8,
31:0,2,3,6,8,
32:0,8,9,
33:3,5,9,
34:0,1,3,6,9,
35:0,1,8,9,
36:2,3,4,5,6,9,
37:0,4,5,7,8,9,
38:0,6,7,8,9,
39:4,5,9,
40:0,1,3,4,6,8,9,
41:3,4,7,8,
42:3,5,7,8,9,
43:0,3,5,
44:0,4,6,7,9,
45:0,3,7,8,9,
46:0,1,7,8,
47:3,5,6,8,
48:0,1,2,3,7,9,
49:0,6,9,
50:3,4,6,7,
51:0,5,6,8,
52:3,6,7,
53:6,7,8,
54:3,4,6,8,
55:3,4,6,8,9,
56:3,5,7,8,9,
57:0,2,3,5,6,7,8,9,
58:0,4,6,8,
59:0,1,3,4,7,9,
60:2,3,5,6,7,8,9,
61:3,6,7,8,9,
62:0,1,3,5,6,
63:0,3,7,9,
64:3,8,9,
65:0,4,5,6,7,8,9,
66:3,5,6,7,8,
67:0,5,9,
68:3,5,6,8,9,
69:0,1,2,5,8,9,
70:3,4,7,8,
71:0,3,5,6,7,8,9,
72:0,4,8,9,
73:3,4,5,9,
74:0,2,3,4,5,9,
75:0,3,4,5,6,8,9,
76:0,2,3,4,5,7,9,
77:2,3,4,7,8,9,
78:4,5,9,
79:0,1,2,3,5,9,
80:0,5,7,8,
81:3,4,8,9,
82:0,3,4,6,8,9,
83:0,3,
84:5,7,8,9,
85:0,3,5,7,8,9,
86:0,3,6,7,8,
87:1,3,8,
88:0,3,5,6,8,9,
89:3,5,6,8,
90:0,1,6,7,8,
91:4,6,8,9,
92:0,3,4,5,8,9,
93:3,5,7,8,
94:0,1,3,4,5,8,9,
95:2,3,5,8,9,
96:0,1,3,4,5,9,
