1:9,11,12,17,
2:3,10,11,16,19,
3:0,1,4,8,9,14,
4:4,8,9,11,13,15,19,
5:3,4,8,9,11,
6:0,3,11,14,17,18,
7:0,3,4,5,6,7,9,18,
8:1,4,5,7,8,10,11,
9:4,5,11,14,
10:0,3,5,8,11,12,14,15,16,18,
11:3,4,6,7,8,9,11,14,
12:0,3,9,
13:9,13,14,18,
14:0,3,4,7,8,11,14,15,17,18,19,
15:0,3,4,5,6,7,8,9,10,11,12,14,16,17,
16:0,9,10,14,17,
17:2,7,12,
18:1,3,8,10,11,12,
19:0,9,11,12,17,
20:3,5,7,9,11,
21:4,7,11,17,18,
22:3,5,6,7,8,9,11,14,17,19,
23:0,1,3,7,8,9,10,11,14,17,
24:3,5,6,7,11,14,16,17,18,19,
25:7,11,12,13,18,
26:3,8,9,10,11,14,17,19,
27:4,5,7,8,9,12,14,15,16,17,18,
28:5,7,8,10,11,
29:3,8,10,11,12,14,16,17,19,
30:9,13,14,18,19,
31:3,5,7,9,11,14,19,
32:0,5,9,10,11,12,
33:0,12,13,14,17,19,
34:7,8,10,12,17,
35:5,6,8,9,
36:3,4,6,9,10,14,18,
37:8,9,10,11,12,14,15,18,
38:14,17,18,
39:0,6,11,14,15,16,
40:0,3,5,9,13,14,17,
41:3,4,8,9,11,12,19,
42:0,4,6,8,9,10,11,13,17,
43:0,3,4,5,9,11,
44:0,7,8,15,17,18,19,
45:3,4,7,8,10,11,12,14,15,17,18,
46:3,9,12,14,19,
47:3,6,7,8,9,12,13,17,18,
48:0,3,4,8,17,
49:0,6,7,8,9,11,14,15,17,18,19,
50:3,4,6,8,9,14,15,19,
51:3,6,11,14,
52:6,8,11,14,18,
53:0,3,4,6,7,8,9,10,11,13,14,16,
54:3,4,5,6,7,8,11,18,
55:6,7,8,10,11,14,16,17,18,19,
56:0,3,4,5,8,14,18,
57:0,5,8,14,15,
58:3,6,8,9,11,12,13,16,17,
59:3,5,8,9,10,11,12,14,16,17,19,
60:3,5,10,14,17,19,
61:8,9,11,13,19,
62:3,11,
63:0,3,9,11,
64:0,6,8,9,10,
65:0,6,7,8,11,13,17,18,
66:3,4,5,7,8,9,10,11,15,17,18,19,
67:4,6,7,8,9,10,11,12,13,14,
68:0,3,11,15,19,
69:3,7,8,9,10,17,18,19,
70:0,3,7,8,14,15,17,
71:3,9,12,17,
72:4,6,7,10,11,13,14,16,17,
73:6,8,11,12,13,14,
74:0,6,11,13,16,17,19,
75:2,3,6,8,9,10,13,19,
76:3,5,7,9,14,19,
77:5,8,9,12,13,14,17,
78:8,15,
79:3,7,10,11,12,18,
80:3,4,11,12,13,17,
81:7,8,11,14,17,18,19,
82:1,6,8,9,10,11,17,
83:3,8,9,10,14,
84:3,7,8,9,14,19,
85:5,7,8,10,11,17,18,
86:3,7,8,9,10,12,15,19,
87:0,1,3,6,7,8,9,10,11,13,14,18,
88:0,8,14,17,18,
89:3,4,6,8,9,12,13,14,15,17,18,19,
90:0,3,4,6,7,11,12,13,14,17,
91:3,8,9,11,14,17,
92:0,3,4,5,6,8,9,13,16,17,
93:0,5,6,8,9,13,14,15,19,
94:3,5,7,8,9,10,11,14,17,
95:3,4,5,7,9,10,11,17,
96:0,5,8,10,12,14,17,18,
97:0,5,14,17,
98:3,4,5,6,9,10,11,14,17,
99:3,4,5,11,14,
100:3,4,8,10,11,17,19,
101:0,1,3,8,12,17,19,
102:0,3,4,5,6,7,8,11,16,18,
103:0,3,11,14,17,
104:3,5,6,7,8,9,11,
105:3,5,9,10,11,14,
106:9,10,14,15,18,19,
107:3,5,11,
108:3,6,8,10,12,13,14,17,
109:1,4,7,9,11,12,14,16,17,
110:2,3,8,9,13,19,
111:3,7,8,9,16,17,
112:5,6,7,10,13,
113:3,4,12,
114:6,7,9,11,17,
115:3,5,6,11,12,16,17,18,19,
116:4,5,8,9,13,14,17,
117:0,3,4,5,7,8,9,13,14,17,18,19,
118:2,5,8,9,13,14,18,19,
119:3,6,7,10,11,12,13,14,15,18,
120:1,8,9,10,11,14,
121:0,3,4,5,6,8,10,17,19,
122:0,3,5,6,7,9,11,12,14,15,
123:0,5,6,14,15,17,18,
124:0,3,11,14,
125:3,4,11,14,17,
126:0,3,5,9,11,13,17,
127:3,5,8,9,10,11,14,17,18,19,
128:3,4,9,
129:0,4,5,6,7,8,11,13,17,
130:3,4,5,6,11,12,13,18,
131:3,5,8,11,14,17,
132:3,4,5,6,8,10,14,17,18,
133:0,3,5,7,10,11,12,13,16,17,18,19,
134:5,7,9,11,14,17,
135:1,3,7,8,10,18,
136:3,6,8,13,14,17,
137:1,4,6,10,14,15,16,
138:0,4,6,8,9,11,12,14,16,
139:1,3,8,11,15,17,19,
140:3,8,9,14,16,17,
141:4,9,11,12,14,17,
142:5,7,9,11,12,13,15,17,
143:0,1,3,4,6,8,9,14,17,19,
144:0,3,5,6,9,11,14,15,18,19,
145:8,14,
146:0,6,8,9,14,15,19,
147:3,5,8,11,19,
148:4,5,6,10,18,19,
149:0,5,8,9,10,11,12,14,17,18,19,
150:0,3,10,11,18,
151:3,4,8,9,10,11,17,19,
152:6,9,
153:0,1,4,6,7,8,11,16,19,
154:0,1,3,6,7,8,9,10,11,12,14,17,
155:3,6,10,11,14,15,17,18,
156:3,7,9,14,
157:0,4,5,8,12,14,16,17,18,19,
158:7,13,14,15,
159:4,6,7,9,11,16,17,
160:0,9,17,
161:8,9,10,11,13,14,
162:0,8,10,13,
163:3,4,5,6,9,10,11,19,
164:0,3,7,9,11,14,16,17,
165:3,8,10,12,13,14,17,19,
166:3,5,9,11,14,15,
167:3,7,8,11,13,14,17,19,
168:1,3,8,9,10,11,12,13,14,17,19,
169:3,7,8,9,13,14,15,16,17,
170:3,9,10,11,16,17,19,
171:4,8,10,11,17,18,
172:0,1,3,4,5,8,11,14,17,19,
173:0,3,4,5,9,
174:1,3,5,9,14,17,
175:3,5,6,8,11,19,
176:3,5,6,8,13,
177:19,
178:9,12,17,19,
179:3,6,9,10,11,14,17,18,
180:10,11,
181:3,5,8,9,12,14,18,
182:3,14,16,
183:0,6,9,14,18,
184:3,8,9,14,
185:3,8,13,14,15,19,
186:3,7,8,11,12,13,17,
187:0,2,3,5,6,7,11,13,15,17,
188:3,6,8,9,10,11,12,13,14,17,
189:3,4,5,6,8,9,14,18,
190:3,6,8,9,11,17,18,
191:3,4,8,9,11,12,13,17,18,
192:0,4,7,8,9,11,13,14,17,19,
193:0,3,8,14,17,19,
194:6,9,11,
195:3,4,6,8,9,11,12,15,17,18,
196:0,5,6,8,9,10,11,18,
197:0,3,5,9,10,16,
198:3,4,6,7,9,10,11,17,
199:3,8,13,14,
200:0,1,3,7,8,12,13,14,16,17,18,
201:7,8,11,13,15,
202:3,8,17,
203:5,8,14,19,
204:0,3,4,7,8,11,19,
205:3,6,14,18,
206:3,7,8,10,14,15,19,
207:0,3,6,7,9,10,12,17,
208:0,3,9,12,13,14,17,18,
209:0,3,5,7,8,9,11,13,14,15,17,18,
210:6,9,12,14,15,16,18,
211:3,7,13,14,17,
212:0,6,7,8,11,13,14,15,18,
213:8,12,14,
214:9,10,14,19,
215:0,8,9,10,11,14,17,
216:4,6,7,8,9,11,14,
217:0,3,11,14,
218:0,3,4,5,9,10,11,12,14,17,18,
219:3,5,6,8,10,11,14,15,17,19,
220:0,3,5,9,11,12,14,16,17,18,
221:0,1,3,9,10,11,12,18,
222:0,3,4,8,9,10,11,12,15,17,18,19,
223:7,8,9,11,13,15,18,
224:3,5,10,14,
225:4,5,8,14,17,19,
226:0,8,9,11,12,17,19,
227:6,8,11,17,18,
228:3,4,5,6,7,8,9,10,11,15,17,18,19,
229:0,3,10,11,14,17,18,19,
230:3,5,11,14,17,
231:3,7,8,9,12,14,15,17,
232:8,14,
233:0,1,3,4,5,7,11,13,17,18,
234:3,9,11,13,17,18,
235:0,3,8,11,13,17,18,
236:3,8,9,11,13,17,
237:3,8,9,11,17,
238:3,6,7,10,11,14,17,19,
239:3,4,8,9,10,11,12,13,14,18,
240:4,8,9,10,12,14,17,18,
241:0,3,
242:0,3,4,6,8,9,12,14,17,
243:3,4,5,6,7,10,11,14,17,
244:0,3,4,5,8,11,13,15,17,
245:4,8,9,10,13,16,
246:3,7,9,11,14,15,17,
247:0,3,4,5,8,9,11,12,14,15,17,18,
248:6,7,8,13,17,
249:0,6,9,10,11,13,15,19,
250:7,8,9,11,12,14,17,
251:0,3,7,11,13,14,17,
252:3,4,5,7,8,9,10,11,12,13,14,17,18,
253:3,6,7,8,11,14,15,16,
254:3,8,9,10,11,12,14,
255:0,3,4,9,10,13,14,19,
256:4,6,8,9,10,11,13,17,18,
257:4,5,7,10,12,
258:3,9,10,11,14,17,18,
259:5,9,10,18,
260:6,7,8,9,17,
261:7,10,11,12,14,15,
262:4,5,7,10,11,12,
263:0,6,7,8,9,11,14,17,
264:3,4,6,11,14,17,
265:0,3,5,9,11,19,
266:0,1,3,7,8,14,18,19,
267:3,5,8,9,12,16,17,18,
268:3,7,8,9,11,14,17,
269:4,9,17,19,
270:0,3,5,7,11,14,15,17,
271:7,8,14,
272:4,5,10,12,17,
273:0,8,14,17,
274:3,5,6,7,9,14,
275:0,3,6,7,8,9,10,11,15,17,
276:1,8,9,14,
277:0,3,8,9,11,14,16,17,18,
278:0,3,4,8,10,11,14,17,
279:3,4,7,8,13,18,19,
280:3,4,8,9,11,19,
281:0,1,8,9,10,11,14,15,17,19,
282:0,3,4,5,7,8,9,13,14,17,
283:3,8,10,
284:6,7,8,11,12,17,
285:0,7,8,11,13,14,17,
286:3,5,6,8,9,11,13,17,18,
287:3,7,8,10,11,13,14,15,17,19,
288:0,8,9,12,17,
289:4,8,11,12,14,17,
290:0,3,5,10,12,14,17,
291:8,9,10,13,
292:4,7,8,9,14,17,
293:3,4,5,6,9,10,11,14,18,
294:5,7,11,
295:5,9,12,14,17,18,
296:0,3,8,9,17,
297:0,3,4,7,10,14,15,17,18,
298:0,3,8,9,11,14,16,17,
299:1,5,7,8,11,13,17,19,
300:2,3,5,9,10,12,14,15,18,
301:0,8,11,14,17,19,
302:0,5,8,14,17,19,
303:0,3,4,8,9,10,12,13,14,17,18,19,
304:5,8,9,11,14,16,
305:0,3,5,7,10,11,12,14,17,
306:3,4,7,9,12,15,
307:0,3,4,5,7,8,9,10,12,13,14,18,
308:8,15,19,
309:3,7,8,10,13,14,15,17,18,
310:1,3,4,8,9,12,14,
311:3,8,9,10,17,18,
312:4,7,13,14,16,18,
313:3,4,5,8,10,13,15,17,18,
314:0,3,5,6,7,8,10,11,14,19,
315:5,11,19,
316:11,14,17,18,
317:3,4,5,10,14,
318:5,6,7,9,10,11,13,14,18,
319:6,8,10,12,15,
320:0,9,10,17,
321:0,3,4,6,8,
322:3,7,9,10,11,12,16,17,18,19,
323:0,6,7,8,9,10,11,13,14,17,18,19,
324:0,3,7,8,11,13,15,16,17,18,
325:3,7,9,14,
326:4,7,8,9,12,18,
327:11,12,13,14,17,19,
328:0,5,8,11,18,
329:6,8,10,14,17,
330:0,8,9,12,14,
331:0,4,8,14,
332:3,6,7,8,9,11,
333:3,5,6,7,14,
334:1,4,7,8,11,13,14,17,
335:4,8,
336:8,11,14,17,18,
337:3,5,6,8,11,14,17,
338:0,3,4,5,6,8,11,17,
339:11,14,17,19,
340:8,11,
341:3,5,7,8,14,15,17,19,
342:5,8,9,10,11,
343:3,7,9,10,11,14,15,19,
344:8,17,
345:3,4,11,14,17,
346:3,5,6,7,8,9,13,14,15,17,
347:3,6,9,12,18,19,
348:6,10,14,17,18,
349:8,9,11,17,
350:3,11,12,17,
351:0,3,8,9,10,14,17,19,
352:0,8,9,10,17,19,
353:0,3,4,8,9,10,13,14,16,17,19,
354:5,9,10,11,13,15,
355:2,5,8,13,
356:0,3,8,9,11,12,13,14,15,16,
357:0,3,8,9,10,11,13,14,16,17,19,
358:3,4,8,11,12,14,15,
359:3,7,14,17,
360:0,7,11,13,14,19,
361:0,3,5,6,8,10,11,18,19,
362:0,4,5,8,9,11,13,17,19,
363:1,3,5,7,8,11,12,15,17,
364:3,7,10,13,15,19,
365:3,4,14,
366:0,5,6,8,9,14,15,17,18,
367:0,3,4,5,6,8,9,11,13,14,17,
368:3,6,7,10,12,14,17,18,
369:0,4,5,17,
370:3,4,7,9,12,14,18,
371:7,8,11,14,18,
372:4,9,10,11,12,16,17,
373:0,4,9,11,13,14,17,
374:3,8,10,19,
375:3,5,7,8,9,11,14,15,17,19,
376:3,10,11,14,15,16,17,
377:0,6,7,8,9,11,14,15,16,17,
378:0,7,11,14,16,17,19,
379:0,3,4,6,8,11,12,17,19,
380:0,3,6,8,10,11,12,13,14,17,
381:0,1,3,5,8,9,11,12,14,15,18,
382:3,4,6,9,11,13,14,15,
383:4,6,8,10,11,14,15,17,
384:1,4,5,9,11,14,18,
385:0,1,8,9,11,13,14,17,19,
386:0,3,6,8,9,11,12,14,17,
387:3,12,14,
388:3,8,12,14,17,
389:0,3,9,
390:3,6,8,9,10,11,14,17,18,19,
391:8,11,16,
392:8,9,11,12,13,14,17,
393:3,5,6,8,17,18,
394:3,4,8,9,10,11,13,14,16,17,
395:5,6,8,9,10,11,12,16,19,
396:0,3,5,8,9,10,11,15,17,19,
397:0,3,8,9,11,13,19,
398:3,7,11,14,17,18,19,
399:3,5,8,9,11,13,15,17,
400:1,8,9,11,12,14,17,18,19,
401:4,8,11,19,
402:4,5,11,14,16,
403:5,8,11,19,
404:4,14,17,18,
405:0,1,6,8,11,12,13,19,
406:0,3,6,7,8,13,14,16,17,19,
407:3,5,8,9,10,11,14,17,18,
408:0,3,4,5,9,10,11,12,14,15,17,18,
409:3,5,6,8,9,11,12,13,16,17,18,19,
410:3,5,7,8,11,14,16,17,
411:1,3,5,8,11,17,
412:5,8,11,12,14,17,
413:3,4,7,9,10,12,17,
414:0,3,4,9,11,12,19,
415:3,4,5,9,10,11,12,14,
416:0,3,6,8,10,11,12,18,19,
417:3,4,8,9,11,12,14,18,
418:5,7,10,11,12,
419:0,3,5,8,9,13,17,
420:3,8,11,
421:3,4,5,7,8,9,11,14,15,16,17,18,
422:5,12,13,17,
423:8,11,
424:3,4,5,6,9,11,16,17,
425:3,5,8,9,11,12,16,17,19,
426:4,8,10,19,
427:5,9,10,11,14,16,19,
428:0,3,4,5,6,7,8,9,11,12,13,14,17,18,
429:3,8,9,10,14,17,
430:3,4,8,9,11,12,14,16,17,18,19,
431:0,2,3,5,6,7,9,11,14,16,17,18,19,
432:5,6,8,10,16,17,19,
433:3,7,8,9,10,11,12,14,18,19,
434:3,8,9,11,16,17,
435:3,5,9,11,14,18,
436:0,7,
437:3,6,7,8,9,11,18,
438:0,3,4,5,7,8,9,10,15,17,18,19,
439:0,1,3,5,7,8,9,10,11,12,14,19,
440:0,9,12,
441:3,11,17,
442:3,4,5,7,8,12,13,
443:0,4,5,7,8,9,11,14,17,
444:0,3,5,9,17,19,
445:3,11,15,18,
446:3,4,6,9,11,13,14,15,16,17,18,19,
447:3,8,9,11,14,15,17,18,
448:3,4,6,7,10,11,19,
449:3,4,7,8,9,10,11,14,19,
450:9,12,14,15,
451:4,6,11,14,16,17,18,
452:2,6,9,11,12,14,17,
453:0,3,5,8,9,11,12,13,15,16,17,19,
454:3,8,9,10,12,13,14,17,18,
455:0,5,9,11,12,14,17,
456:0,3,7,11,12,15,17,
457:5,9,
458:3,8,9,11,13,17,
459:8,9,11,15,17,
460:1,3,4,8,9,11,17,18,
461:5,7,8,9,17,18,19,
462:3,5,6,8,9,11,13,14,15,
463:1,3,11,12,14,17,18,19,
464:0,5,11,12,13,14,15,
465:3,4,11,14,15,18,
466:3,7,8,11,12,
467:7,9,11,13,14,17,19,
468:0,3,4,8,9,10,17,
469:3,5,6,9,14,
470:0,3,4,6,7,8,11,
471:3,7,10,11,12,
472:8,10,12,14,17,18,19,
473:3,5,7,9,11,
474:0,3,4,5,10,11,12,14,18,
475:3,8,10,11,13,14,18,
476:3,9,12,13,14,15,17,19,
477:3,5,6,7,9,10,11,12,13,14,16,17,18,
478:3,4,9,11,12,
479:9,11,17,
480:1,3,7,8,9,12,14,17,
481:3,7,8,9,11,14,17,
482:3,6,8,9,14,17,18,19,
483:3,4,8,9,11,
484:3,8,9,13,
485:4,5,6,7,10,11,13,15,16,17,
486:4,5,7,8,13,14,17,19,
487:7,8,14,17,
488:0,1,3,8,9,10,11,14,17,19,
489:0,3,4,5,8,9,11,12,14,17,18,
490:3,4,7,9,14,17,18,19,
491:3,5,7,8,9,13,14,17,18,19,
492:4,5,6,7,8,9,11,14,17,18,
493:
494:0,3,6,9,10,11,18,19,
495:8,9,14,
496:3,10,14,
497:0,3,8,12,13,
498:3,8,9,12,13,14,17,
499:6,9,14,16,
500:4,9,10,11,15,18,
501:3,5,8,11,14,17,
502:0,3,8,9,11,13,17,
503:3,8,11,
504:0,3,4,8,11,12,14,18,
505:4,6,8,9,18,
506:3,6,9,12,16,18,19,
507:0,4,5,8,9,10,11,14,15,17,19,
508:5,6,8,9,11,14,16,19,
509:0,3,5,7,8,9,10,11,12,13,14,19,
510:0,3,9,11,15,17,
511:4,5,6,9,
512:0,4,5,7,8,11,
513:0,3,4,5,6,7,8,11,12,13,14,17,19,
514:3,8,12,17,
515:4,8,11,13,14,18,
516:0,3,5,9,14,17,18,
517:0,3,4,7,8,9,11,12,13,14,16,17,18,19,
518:3,10,16,19,
519:0,1,4,5,6,7,8,10,11,12,14,17,19,
520:5,8,14,17,
521:11,
522:3,5,7,8,9,11,18,
523:0,3,4,6,8,9,14,17,
524:0,3,5,7,8,11,17,
525:0,3,5,8,10,11,12,14,15,17,
526:5,6,10,12,17,
527:3,7,9,11,12,17,
528:3,9,11,12,14,
529:0,1,3,7,9,11,13,16,17,18,
530:5,6,8,9,10,11,13,14,16,17,
531:8,14,17,19,
532:8,9,10,11,14,17,19,
533:9,11,13,17,18,19,
534:3,5,7,8,9,11,17,
535:3,5,6,9,11,14,15,17,
536:0,1,3,5,7,8,9,10,11,12,14,17,18,
537:3,8,9,10,11,17,
538:9,11,17,
539:3,5,8,9,11,15,16,
540:0,8,11,14,17,
541:6,8,9,11,12,13,14,
542:3,6,8,11,12,17,
543:3,5,9,11,18,19,
544:1,3,5,6,8,9,11,12,15,17,19,
545:4,8,9,11,12,13,14,15,17,
546:6,7,11,17,19,
547:0,3,5,8,11,14,19,
548:0,3,4,5,6,7,8,9,11,12,13,14,
549:0,3,4,8,9,12,14,
550:3,4,5,8,9,
551:0,3,6,13,17,18,19,
552:6,10,11,17,
553:0,3,5,8,9,11,13,14,17,18,19,
554:0,3,9,12,16,17,
555:0,3,7,8,10,11,15,17,
556:3,5,6,9,11,13,15,
557:3,5,11,14,
558:0,4,8,9,13,17,
559:0,7,11,17,
560:3,5,8,9,11,13,14,17,19,
561:3,4,8,9,11,13,14,15,17,19,
562:5,6,10,11,12,14,18,
563:3,6,7,8,9,10,15,18,
564:6,8,11,17,
565:5,6,7,8,11,13,17,
566:9,13,17,18,19,
567:4,6,14,18,
568:6,7,11,12,14,15,17,
569:0,5,7,9,10,11,14,16,
570:3,4,6,7,8,9,10,13,14,17,18,19,
571:0,4,5,6,7,8,9,10,11,12,14,15,16,
572:3,7,11,14,
573:0,3,4,6,8,14,17,
574:0,4,7,11,12,14,17,
575:8,14,
576:3,10,14,16,19,
577:9,14,17,
578:0,3,9,10,11,13,14,15,18,19,
579:1,3,5,8,9,11,12,14,16,17,
580:3,7,9,11,14,16,17,
581:0,3,6,7,8,9,13,14,18,
582:0,5,8,11,13,14,19,
583:4,6,9,
584:0,3,4,8,9,14,15,17,19,
585:3,5,6,8,9,11,
586:3,5,10,14,18,19,
587:0,3,5,7,8,9,18,
588:0,3,4,5,7,11,12,14,15,16,17,19,
589:5,10,11,12,13,14,16,19,
590:0,1,3,7,8,9,10,11,12,15,17,
591:0,9,14,17,18,
592:0,3,5,6,8,10,11,14,
593:3,5,8,9,11,12,13,14,17,
594:3,5,8,9,10,12,14,15,17,
595:6,11,
596:3,10,11,
597:6,8,9,10,13,17,
598:0,3,8,9,11,12,13,17,
599:11,17,
600:3,5,6,7,8,11,13,
601:0,8,9,11,14,18,
602:0,3,4,5,9,11,12,14,17,
603:0,3,4,5,6,7,8,9,10,13,14,15,
604:3,4,5,7,8,9,11,12,13,14,15,17,
605:0,4,7,8,13,17,18,
606:3,4,5,6,7,8,9,10,11,12,16,17,
607:0,5,7,8,9,11,13,19,
608:3,5,10,11,13,14,17,
609:3,7,9,11,14,
610:3,5,6,11,12,14,17,18,
611:3,8,9,10,11,14,
612:3,4,5,9,11,14,18,19,
613:3,9,15,17,19,
614:0,3,6,8,11,12,13,17,18,
615:3,9,13,
616:0,3,7,11,12,14,
617:0,3,8,11,17,19,
618:0,3,11,18,
619:1,4,7,8,11,13,14,
620:3,5,8,11,14,
621:4,8,14,17,18,
622:0,4,6,8,9,10,17,
623:0,3,4,5,9,12,14,
624:3,4,5,6,9,11,14,17,
625:3,7,8,9,11,13,14,15,17,
626:8,9,13,18,
627:0,9,18,
628:0,2,8,9,10,11,12,14,15,17,19,
629:0,3,4,7,11,18,
630:3,8,10,18,
631:4,5,19,
632:0,3,4,11,14,17,18,
633:3,5,6,7,9,14,17,19,
634:3,4,7,8,9,10,11,13,14,15,16,17,18,19,
635:3,7,10,14,17,
636:0,5,6,7,11,12,13,17,
637:3,9,17,
638:1,3,5,12,14,15,17,
639:3,4,8,9,12,13,17,19,
640:11,13,16,
641:0,5,7,9,11,13,14,17,18,19,
642:9,10,11,14,17,18,
643:7,8,9,10,14,17,18,19,
644:0,4,7,10,11,12,17,18,
645:4,5,8,9,11,12,14,17,
646:0,3,5,17,
647:8,11,12,13,14,15,16,17,
648:0,3,11,
649:7,
650:0,3,4,7,8,9,10,11,14,17,
651:3,5,8,9,12,13,17,19,
652:1,4,7,9,10,11,12,14,
653:3,7,8,9,10,17,
654:4,7,8,9,11,17,
655:3,5,8,11,12,
656:3,5,6,14,
657:6,7,11,19,
658:0,6,11,14,18,
659:3,4,7,8,9,14,17,
660:3,4,5,6,7,9,11,14,17,18,
661:10,11,17,
662:0,3,8,11,13,14,16,19,
663:3,4,9,11,17,
664:3,4,5,7,11,19,
665:0,3,8,10,13,15,17,
666:5,6,8,9,10,14,17,19,
667:7,15,17,
668:3,6,8,14,15,17,
669:0,3,6,9,11,13,14,
670:3,5,6,8,9,10,11,13,15,17,18,19,
671:11,14,19,
672:3,4,5,8,12,15,17,
673:5,13,14,19,
674:0,4,5,8,9,12,14,15,17,19,
675:0,3,6,9,11,14,16,17,
676:3,6,9,11,14,15,18,
677:0,4,6,11,14,18,19,
678:13,17,
679:3,6,7,8,11,12,13,14,17,18,19,
680:4,7,8,16,17,
681:1,7,8,9,14,15,
682:5,8,10,12,14,15,18,
683:3,5,8,9,10,12,17,18,19,
684:4,10,
685:9,10,14,17,
686:0,5,7,9,10,15,
687:0,5,7,8,9,12,14,
688:3,4,7,8,15,17,19,
689:5,6,7,19,
690:0,3,5,6,7,8,9,10,14,17,18,
691:3,6,7,8,9,11,14,17,18,
692:0,1,2,4,8,9,11,14,17,18,
693:3,6,7,9,14,19,
694:1,3,8,9,14,17,18,19,
695:0,3,7,10,11,14,17,
696:0,3,4,7,8,9,10,11,17,
697:0,6,7,8,9,10,11,17,
698:0,3,8,9,14,
699:3,7,8,9,10,11,13,18,19,
700:0,4,5,8,9,14,17,
701:3,6,8,9,10,11,14,17,18,19,
702:0,3,5,8,9,11,12,16,17,19,
703:6,9,19,
704:0,3,7,9,15,18,
705:8,9,11,14,
706:7,14,
707:0,5,7,8,9,10,11,13,17,18,
708:0,2,3,4,5,6,8,9,11,14,19,
709:0,3,4,8,11,14,17,19,
710:0,3,6,7,9,11,17,
711:3,5,6,10,11,12,
712:1,3,7,9,17,18,
713:0,3,4,5,8,9,12,17,
714:0,3,4,5,7,8,9,10,14,17,18,19,
715:5,6,8,9,19,
716:8,12,15,
717:4,7,8,9,13,15,16,17,19,
718:0,3,4,8,10,11,17,
719:8,11,
720:1,3,5,7,14,18,19,
721:0,3,7,9,11,12,13,14,15,16,17,19,
722:0,3,5,7,9,11,16,
723:3,6,8,10,12,13,14,17,
724:0,3,7,8,9,11,15,17,19,
725:0,9,15,17,
726:0,3,4,7,14,15,
727:0,10,14,17,18,19,
728:3,8,14,17,
729:0,5,8,11,12,14,
730:0,3,6,14,17,
731:3,7,12,14,17,
732:0,4,7,8,10,
733:5,7,8,13,17,18,
734:3,5,7,17,
735:6,10,12,13,14,
736:8,9,11,
737:5,9,11,14,17,18,
738:0,3,4,8,9,11,12,14,
739:4,5,9,11,13,15,
740:3,6,7,8,9,10,11,12,15,17,19,
741:3,7,10,11,14,17,19,
742:6,7,8,9,12,17,
743:3,8,9,12,13,14,17,
744:0,3,5,6,8,9,13,17,19,
745:0,3,4,6,7,9,11,12,14,17,19,
746:3,8,9,10,11,12,14,17,19,
747:5,9,10,
748:0,9,17,
749:9,11,14,16,17,
750:3,9,10,11,14,18,
751:5,7,9,10,14,17,18,
752:0,2,3,4,7,8,9,10,11,12,18,19,
753:5,7,8,10,14,19,
754:7,13,14,16,
755:3,4,7,8,11,18,19,
756:3,7,9,12,13,14,16,17,19,
757:3,9,10,15,
758:4,5,8,10,11,13,15,17,18,
759:9,10,11,12,14,18,
760:3,5,8,9,10,11,12,19,
761:5,7,9,10,12,16,17,
762:6,7,9,11,12,14,17,18,19,
763:0,3,9,10,11,14,15,17,
764:6,7,8,9,10,13,
765:0,1,3,5,7,8,13,14,17,
766:0,2,3,10,12,
767:4,5,8,9,11,12,13,14,17,
768:3,5,8,9,13,18,
769:3,5,7,10,11,17,18,
770:8,10,14,17,
771:3,4,5,8,9,11,13,14,17,18,
772:4,5,10,11,12,13,14,17,19,
773:0,10,13,14,
774:3,4,8,9,11,14,16,
775:11,12,14,17,19,
776:0,3,6,8,9,10,12,13,14,17,18,19,
777:0,3,6,9,10,12,14,16,17,18,19,
778:3,4,5,6,8,9,10,11,13,17,
779:1,3,5,8,17,
780:2,3,6,11,12,
781:1,11,17,
782:5,6,8,11,13,14,
783:3,8,9,10,11,14,15,17,
784:0,7,9,10,15,16,17,19,
785:3,4,5,7,8,14,19,
786:0,3,5,6,9,17,
787:3,4,9,10,13,17,18,19,
788:0,1,3,5,8,10,12,14,18,
789:0,3,6,8,9,13,14,16,
790:3,7,8,9,12,13,14,15,16,17,
791:3,4,5,7,8,11,14,15,
792:0,5,7,8,11,14,17,
793:0,5,8,9,11,17,
794:0,3,4,5,6,8,9,11,13,14,15,19,
795:0,3,5,7,8,9,11,12,14,16,
796:3,7,8,9,11,17,18,19,
797:0,3,7,9,11,12,
798:0,3,6,8,9,10,11,12,14,17,19,
799:4,5,7,9,12,17,18,
800:3,9,11,
801:0,3,4,7,8,9,10,13,19,
802:0,3,5,7,8,9,10,16,17,19,
803:3,4,7,10,11,
804:3,7,8,10,11,17,
805:0,4,5,8,10,14,17,
806:1,8,9,10,11,12,13,14,17,18,
807:0,3,4,5,8,9,11,14,15,16,17,
808:0,2,3,5,7,9,11,12,14,17,18,19,
809:3,7,12,18,
810:6,9,13,14,17,18,
811:0,3,6,7,8,9,10,11,17,
812:4,6,7,8,10,12,13,19,
813:5,6,7,14,
814:4,5,15,17,
815:0,5,9,10,
816:5,7,8,17,
817:0,5,8,11,14,16,17,
818:3,5,8,10,11,14,18,
819:3,7,8,10,11,14,16,18,
820:0,3,4,8,9,18,
821:0,3,4,9,11,13,16,17,18,
822:0,6,7,8,9,17,
823:0,6,7,9,11,12,15,16,18,19,
824:8,10,11,12,13,18,
825:4,8,10,14,17,
826:6,7,8,9,13,14,17,
827:5,6,9,13,14,18,
828:3,4,8,12,14,17,
829:3,5,7,8,9,10,14,17,
830:3,10,11,
831:3,12,14,
832:8,10,11,12,14,
833:0,7,8,9,10,11,16,17,18,
834:6,7,8,9,10,14,16,17,19,
835:1,
836:3,5,6,7,8,11,12,14,17,18,
837:1,3,7,8,14,
838:6,8,14,
839:3,4,8,17,
840:3,8,9,13,14,
841:5,9,12,17,19,
842:3,9,11,
843:3,5,6,9,11,14,
844:5,11,14,15,19,
845:3,4,7,8,9,11,12,14,17,18,19,
846:0,3,7,13,17,18,
847:0,3,4,8,9,10,11,12,14,
848:0,3,5,7,17,19,
849:3,4,7,14,18,19,
850:3,8,10,11,12,14,15,17,
851:9,17,
852:5,8,11,13,16,18,
853:4,6,8,11,17,
854:3,6,8,9,11,13,19,
855:0,3,5,6,7,8,11,14,17,
856:3,7,8,11,13,
857:0,3,7,8,9,11,15,18,
858:7,9,11,12,17,
859:5,7,8,10,11,18,
860:0,5,9,10,11,13,14,18,
861:4,7,8,10,11,16,18,
862:4,6,8,9,11,14,15,
863:0,7,8,11,12,14,17,
864:4,7,8,16,
865:0,4,8,9,11,14,15,17,18,19,
866:0,5,7,8,9,10,11,17,19,
867:4,6,7,13,
868:17,
869:3,4,5,8,11,13,14,17,18,
870:3,9,14,
871:3,7,9,14,
872:3,4,5,7,8,9,10,11,17,19,
873:2,3,7,8,11,14,16,19,
874:0,3,9,11,14,17,18,19,
875:3,4,7,11,12,14,15,18,
876:6,7,9,13,14,19,
877:3,5,8,13,14,17,
878:3,5,7,11,14,19,
879:0,8,9,11,15,17,
880:0,11,14,16,19,
881:3,6,7,8,9,11,14,19,
882:0,3,5,8,9,11,14,19,
883:0,3,5,9,10,13,14,17,
884:4,5,8,10,14,15,17,
885:
886:6,8,9,11,14,16,17,
887:0,4,5,8,9,11,14,17,19,
888:3,4,6,7,10,11,18,
889:0,3,9,10,17,18,19,
890:3,6,7,8,9,11,13,
891:3,6,8,10,12,16,
892:0,3,8,9,10,13,
893:0,3,5,7,11,12,13,14,17,
894:0,3,11,13,18,19,
895:6,8,9,11,17,
896:3,5,8,9,10,11,15,
897:0,3,9,11,12,18,
898:0,3,4,11,12,15,17,
899:5,6,8,9,11,13,18,
900:0,3,4,5,8,9,11,13,14,
901:0,4,5,9,10,13,14,17,
902:3,4,7,8,14,15,16,17,19,
903:3,8,9,11,12,14,
904:0,3,5,6,8,9,11,12,13,17,18,19,
905:3,6,8,11,18,
906:11,14,17,
907:3,4,5,8,10,11,12,14,17,
908:1,8,9,11,18,
909:3,6,16,17,18,19,
910:0,6,7,9,10,13,14,17,
911:5,11,
912:3,4,5,6,8,9,11,15,17,
913:5,6,8,9,10,12,13,16,17,18,
914:6,7,9,12,14,15,
915:3,5,6,10,11,12,14,17,
916:5,9,11,16,
917:4,5,7,9,18,
918:11,12,14,
919:3,7,12,
920:3,4,6,7,8,10,11,14,15,19,
921:3,5,6,8,10,11,12,19,
922:0,3,4,7,8,11,14,17,
923:5,9,10,14,19,
924:0,3,5,8,9,11,14,
925:0,5,11,12,17,19,
926:0,4,7,8,9,11,12,14,16,17,18,
927:0,3,6,8,9,10,13,14,15,17,
928:0,1,3,5,7,9,10,12,
929:1,3,4,9,11,13,17,18,19,
930:0,3,5,11,14,
931:3,6,7,10,14,19,
932:4,8,9,14,19,
933:3,8,13,14,19,
934:7,8,9,11,15,17,
935:3,8,10,14,15,16,17,
936:3,4,5,7,9,10,11,12,13,14,17,
937:0,4,6,8,10,11,14,18,19,
938:8,10,14,17,
939:3,4,6,7,11,12,13,16,17,
940:0,7,8,9,10,11,14,17,
941:3,7,13,17,
942:8,9,11,
943:3,4,5,7,8,9,10,11,14,
944:0,4,5,6,8,9,10,11,12,13,17,
945:4,5,7,8,11,16,18,
946:2,4,5,8,9,11,13,14,18,
947:3,4,8,9,12,14,16,17,19,
948:3,4,7,8,9,11,14,17,18,19,
949:5,8,11,14,17,
950:3,6,8,10,11,13,18,
951:3,5,7,8,9,11,14,17,18,
952:0,3,5,6,10,11,14,19,
953:0,4,8,9,12,15,16,19,
954:0,5,7,9,14,17,
955:3,8,10,11,13,17,18,
956:0,3,5,7,8,9,10,11,17,18,19,
957:3,5,6,8,9,12,13,14,17,
958:0,4,9,11,16,17,
959:0,4,8,9,14,17,18,
960:0,3,7,8,10,12,14,17,
961:3,4,8,11,12,13,
962:3,4,6,7,8,9,10,11,13,14,18,19,
963:0,1,3,5,7,8,9,11,13,14,16,17,18,
964:2,3,7,8,9,11,13,14,18,19,
965:3,9,10,11,14,15,17,18,
966:7,
967:0,3,7,8,11,12,
968:0,5,6,8,9,10,11,12,14,
969:3,5,8,17,18,
970:3,5,6,14,19,
971:0,2,3,4,11,19,
972:0,1,3,5,7,8,10,11,13,15,16,17,18,19,
973:3,4,7,8,9,10,11,14,17,
974:0,4,7,8,9,10,11,12,16,18,19,
975:1,8,11,
976:10,15,
977:3,4,5,6,9,11,14,16,17,18,19,
978:3,6,9,11,13,17,19,
979:8,9,12,14,
